Subnet: [4, 4, 4, 4, 3, 3, 3, 3, 3, 3, 3, 3, 3, 3, 3, 3, 3, 3, 3, 3], [3, 2, 2, 2, 2]
Weight Matrix shape: (64, 16, 1, 1)
[[[[-2.27210581e-01]]

  [[-1.12371212e-02]]

  [[ 3.12210232e-01]]

  [[ 6.39764816e-02]]

  [[-9.15858567e-01]]

  [[-2.68360246e-02]]

  [[ 4.12146777e-01]]

  [[-1.16542809e-01]]

  [[-2.01098491e-02]]

  [[-5.92495501e-02]]

  [[-6.70666099e-02]]

  [[-2.52236798e-02]]

  [[-1.90058544e-01]]

  [[-1.28042288e-02]]

  [[ 8.04067776e-03]]

  [[ 3.36133800e-02]]]


 [[[ 1.17080718e-01]]

  [[ 5.48142344e-02]]

  [[ 5.11046015e-02]]

  [[ 1.29940546e+00]]

  [[ 4.51542065e-02]]

  [[ 1.56546950e-01]]

  [[ 5.82008064e-02]]

  [[ 4.75036241e-02]]

  [[ 1.27122328e-01]]

  [[ 1.70952957e-02]]

  [[ 2.20626444e-01]]

  [[ 1.36088505e-01]]

  [[ 7.50538409e-02]]

  [[ 1.64945379e-01]]

  [[-3.50463763e-02]]

  [[ 1.71152785e-01]]]


 [[[-1.29824531e+00]]

  [[ 1.06404508e-02]]

  [[-8.57906401e-01]]

  [[ 1.45766428e-02]]

  [[ 3.75571698e-01]]

  [[ 3.73158120e-02]]

  [[-1.57275155e-01]]

  [[ 2.64980942e-01]]

  [[ 1.55007718e-02]]

  [[-4.22545187e-02]]

  [[-1.12468615e-01]]

  [[ 1.82592124e-02]]

  [[ 5.79864159e-02]]

  [[-2.43299678e-02]]

  [[ 6.26613721e-02]]

  [[ 3.02082635e-02]]]


 [[[-2.71600112e-02]]

  [[ 2.74875015e-01]]

  [[ 1.36638120e-01]]

  [[-8.83407652e-01]]

  [[-3.38728726e-03]]

  [[-2.33551785e-02]]

  [[ 8.96742493e-02]]

  [[-5.89688942e-02]]

  [[ 2.09760606e-01]]

  [[ 9.95195508e-02]]

  [[ 8.79703701e-01]]

  [[ 1.57385468e-01]]

  [[ 9.39437002e-02]]

  [[ 7.73118436e-02]]

  [[ 1.31912082e-01]]

  [[-1.29706487e-01]]]


 [[[ 4.66586113e-01]]

  [[-8.18372816e-02]]

  [[-4.32857454e-01]]

  [[-3.96761671e-02]]

  [[ 5.19794285e-01]]

  [[-5.85440509e-02]]

  [[-2.99767554e-01]]

  [[-1.03473675e+00]]

  [[-9.58350077e-02]]

  [[-2.02518478e-02]]

  [[ 5.19812182e-02]]

  [[-2.99098492e-02]]

  [[-7.46214688e-02]]

  [[ 3.99475470e-02]]

  [[-1.66205451e-01]]

  [[ 2.82471515e-02]]]


 [[[ 9.56665218e-01]]

  [[ 3.37792858e-02]]

  [[ 7.12498188e-01]]

  [[-9.40594450e-02]]

  [[-5.23761988e-01]]

  [[-2.41030212e-02]]

  [[ 2.92605221e-01]]

  [[-1.14381313e+00]]

  [[-1.28000215e-01]]

  [[ 1.62973348e-02]]

  [[ 1.63713414e-02]]

  [[-2.31000241e-02]]

  [[-9.26247835e-02]]

  [[ 1.88457454e-03]]

  [[ 3.69357169e-02]]

  [[-1.25769852e-02]]]


 [[[-4.03622575e-02]]

  [[ 5.57696298e-02]]

  [[ 5.54103032e-03]]

  [[-9.98156518e-03]]

  [[-2.28571296e-01]]

  [[ 1.41335586e-02]]

  [[ 5.91874085e-02]]

  [[ 3.54365483e-02]]

  [[ 2.43471131e-01]]

  [[ 3.15757632e-01]]

  [[ 8.62423107e-02]]

  [[-1.29862446e-02]]

  [[-2.60746807e-01]]

  [[-1.21126771e+00]]

  [[-3.40460896e-01]]

  [[ 1.89103596e-02]]]


 [[[ 4.15671654e-02]]

  [[-9.04973447e-02]]

  [[-1.18267603e-01]]

  [[ 4.86341640e-02]]

  [[-7.62381181e-02]]

  [[ 2.49602683e-02]]

  [[ 6.97058320e-01]]

  [[-7.24419802e-02]]

  [[-1.01039529e+00]]

  [[-7.02925865e-03]]

  [[ 3.07706986e-02]]

  [[-1.37102688e-02]]

  [[ 7.21538186e-01]]

  [[-4.18863595e-01]]

  [[ 4.66681719e-02]]

  [[ 1.66815780e-02]]]


 [[[-4.18893062e-02]]

  [[ 2.06471831e-02]]

  [[-1.22332558e-01]]

  [[ 3.89516018e-02]]

  [[ 3.23784575e-02]]

  [[ 2.00327486e-02]]

  [[-1.34096444e-01]]

  [[-2.25767091e-01]]

  [[-1.79731116e-01]]

  [[-1.82827741e-01]]

  [[-2.50131875e-01]]

  [[-4.05726023e-02]]

  [[-1.45206153e-01]]

  [[-1.42786592e-01]]

  [[-3.74613702e-01]]

  [[-2.95408592e-02]]]


 [[[-5.38403764e-02]]

  [[ 7.60786794e-03]]

  [[-6.97287679e-01]]

  [[-5.98447286e-02]]

  [[-4.83197600e-01]]

  [[ 7.57645890e-02]]

  [[-4.60904181e-01]]

  [[ 7.79841766e-02]]

  [[-6.49361432e-01]]

  [[-6.28871247e-02]]

  [[ 3.55214663e-02]]

  [[ 2.12893039e-02]]

  [[ 2.69198358e-01]]

  [[-2.22866505e-01]]

  [[-1.22433320e-01]]

  [[-1.48791885e-02]]]


 [[[-3.64709586e-01]]

  [[-1.33984713e-02]]

  [[-5.15329182e-01]]

  [[ 5.92484735e-02]]

  [[-3.00285459e-01]]

  [[ 3.07076629e-02]]

  [[ 2.30646040e-02]]

  [[-2.29365170e-01]]

  [[ 1.50661469e-01]]

  [[ 5.47989964e-01]]

  [[ 6.22823946e-02]]

  [[ 8.76129884e-03]]

  [[-9.70417440e-01]]

  [[ 1.01542555e-01]]

  [[-9.29469019e-02]]

  [[-5.26893400e-02]]]


 [[[-8.50635096e-02]]

  [[-2.39059906e-02]]

  [[-4.52947319e-02]]

  [[-2.65833028e-02]]

  [[ 7.29978159e-02]]

  [[-9.38337576e-03]]

  [[ 9.20315832e-02]]

  [[ 4.73768770e-04]]

  [[-1.88764378e-01]]

  [[-4.18153346e-01]]

  [[-1.65102724e-02]]

  [[ 3.78239341e-02]]

  [[ 1.33728161e-01]]

  [[ 1.06552088e+00]]

  [[-8.04806128e-03]]

  [[ 3.22954953e-02]]]


 [[[ 7.72923753e-02]]

  [[-4.44743857e-02]]

  [[-3.72425728e-02]]

  [[ 5.81013933e-02]]

  [[-5.04007190e-02]]

  [[ 3.65741663e-02]]

  [[-6.22580796e-02]]

  [[-3.46445404e-02]]

  [[-1.46424621e-01]]

  [[ 9.67154324e-01]]

  [[-8.16551372e-02]]

  [[ 4.36919145e-02]]

  [[ 1.89176202e-01]]

  [[ 3.11840981e-01]]

  [[ 3.61862639e-03]]

  [[ 1.38556156e-02]]]


 [[[-9.36794803e-02]]

  [[-9.80003253e-02]]

  [[-2.08344534e-02]]

  [[ 1.21215209e-02]]

  [[ 6.06563576e-02]]

  [[-4.07894924e-02]]

  [[-2.67772317e-01]]

  [[-2.34905314e-02]]

  [[ 6.93836749e-01]]

  [[-1.33852243e+00]]

  [[ 1.36384116e-02]]

  [[-1.82108972e-02]]

  [[-5.90200186e-01]]

  [[ 2.84119874e-01]]

  [[-1.09802991e-01]]

  [[ 4.52306047e-02]]]


 [[[ 1.68195944e-02]]

  [[ 1.61838278e-01]]

  [[ 5.05551547e-02]]

  [[ 1.27215362e+00]]

  [[ 3.72697227e-02]]

  [[ 4.08598818e-02]]

  [[-2.18844973e-02]]

  [[-5.15983067e-02]]

  [[ 1.02634780e-01]]

  [[ 1.16290182e-01]]

  [[-1.52225181e-01]]

  [[ 1.13148838e-01]]

  [[ 2.82264053e-04]]

  [[ 4.49429080e-02]]

  [[ 8.99454462e-05]]

  [[ 1.50826961e-01]]]


 [[[-6.29389584e-02]]

  [[ 2.72498559e-02]]

  [[ 1.03407793e-01]]

  [[-8.13614875e-02]]

  [[-1.05283165e-03]]

  [[-5.41844293e-02]]

  [[-1.16196819e-01]]

  [[ 5.96633077e-01]]

  [[-2.05836073e-02]]

  [[-5.42608649e-02]]

  [[-3.71384360e-02]]

  [[-4.10440341e-02]]

  [[-1.15210861e-01]]

  [[-1.03799872e-01]]

  [[ 7.56267667e-01]]

  [[-4.92664389e-02]]]


 [[[ 3.52212697e-01]]

  [[-1.10243671e-01]]

  [[-2.09295452e-01]]

  [[ 5.27530536e-02]]

  [[ 2.07341179e-01]]

  [[-8.39494094e-02]]

  [[ 3.45874637e-01]]

  [[-9.56252664e-02]]

  [[ 7.88018405e-01]]

  [[-5.12580097e-01]]

  [[ 4.06096429e-02]]

  [[-5.45647778e-02]]

  [[ 5.94130218e-01]]

  [[ 5.82894348e-02]]

  [[-8.58217031e-02]]

  [[ 1.12543134e-02]]]


 [[[-4.78597637e-03]]

  [[ 3.89392734e-01]]

  [[-4.50993609e-03]]

  [[ 2.05432609e-01]]

  [[ 6.89724460e-02]]

  [[-1.11121619e+00]]

  [[-6.59618378e-02]]

  [[ 3.45989466e-02]]

  [[ 6.51000366e-02]]

  [[ 3.75714563e-02]]

  [[ 5.81451714e-01]]

  [[ 4.04992133e-01]]

  [[ 6.35652989e-02]]

  [[-4.16956693e-02]]

  [[ 2.21569352e-02]]

  [[-8.92423570e-01]]]


 [[[ 2.43699731e-04]]

  [[-3.32294315e-01]]

  [[ 2.40596794e-02]]

  [[-1.15773045e-02]]

  [[ 1.91937108e-02]]

  [[ 2.78101653e-01]]

  [[ 1.02246767e-02]]

  [[ 9.07989368e-02]]

  [[ 3.59601006e-02]]

  [[ 2.76234318e-02]]

  [[-8.17717835e-02]]

  [[ 2.06368506e-01]]

  [[ 2.21044756e-02]]

  [[ 1.08169690e-02]]

  [[ 8.73196572e-02]]

  [[-1.37412405e+00]]]


 [[[-1.18481992e-02]]

  [[ 6.30777795e-03]]

  [[ 9.06863138e-02]]

  [[-8.10165763e-01]]

  [[-1.24406267e-03]]

  [[ 3.29113692e-01]]

  [[ 3.79129499e-02]]

  [[ 3.38481292e-02]]

  [[ 1.80129111e-01]]

  [[ 1.71447068e-01]]

  [[ 4.91526425e-01]]

  [[ 2.37484500e-02]]

  [[ 9.16677341e-02]]

  [[-9.39886831e-03]]

  [[ 4.53350209e-02]]

  [[ 2.52201617e-01]]]


 [[[ 1.52261360e-02]]

  [[ 2.10305542e-01]]

  [[ 4.51329239e-02]]

  [[-5.28991874e-03]]

  [[ 1.79666243e-02]]

  [[ 1.26801550e-01]]

  [[-2.26906557e-02]]

  [[ 4.38043401e-02]]

  [[-1.76924989e-02]]

  [[ 2.80822441e-02]]

  [[-1.01631470e-01]]

  [[-1.04182994e+00]]

  [[-8.46158341e-03]]

  [[-4.62591760e-02]]

  [[ 3.18063498e-02]]

  [[ 4.82167080e-02]]]


 [[[-5.40237308e-01]]

  [[-6.72279000e-02]]

  [[ 4.41062629e-01]]

  [[ 3.61310430e-02]]

  [[ 1.15121871e-01]]

  [[-1.23151550e-02]]

  [[-2.68468529e-01]]

  [[-6.90108776e-01]]

  [[ 5.11352420e-01]]

  [[ 1.37797192e-01]]

  [[ 7.46229365e-02]]

  [[ 1.30083468e-02]]

  [[ 4.58354503e-01]]

  [[-4.79022451e-02]]

  [[-2.93904431e-02]]

  [[-8.94139186e-02]]]


 [[[ 3.47348720e-01]]

  [[-3.68821323e-02]]

  [[ 1.72891915e-01]]

  [[ 1.65879920e-01]]

  [[ 3.15460384e-01]]

  [[-8.75503849e-03]]

  [[ 4.89570379e-01]]

  [[-1.21996254e-02]]

  [[ 5.95812052e-02]]

  [[-4.18045491e-01]]

  [[-5.35183325e-02]]

  [[ 1.53581910e-02]]

  [[-1.06696916e+00]]

  [[ 1.84776947e-01]]

  [[ 7.36085698e-03]]

  [[-3.79611999e-02]]]


 [[[-1.23970114e-01]]

  [[-1.41919230e-03]]

  [[ 2.18672216e-01]]

  [[-8.54021832e-02]]

  [[-2.40607530e-01]]

  [[-5.50311618e-02]]

  [[-6.56903237e-02]]

  [[-3.93096283e-02]]

  [[-3.10121596e-01]]

  [[-6.46186531e-01]]

  [[-8.66231248e-02]]

  [[ 2.64938250e-02]]

  [[ 4.33708392e-02]]

  [[ 4.12291676e-01]]

  [[-7.65987635e-02]]

  [[-2.65361648e-03]]]


 [[[ 1.76571123e-02]]

  [[-8.78484696e-02]]

  [[ 1.24439772e-03]]

  [[-4.32536341e-02]]

  [[ 1.17494585e-02]]

  [[ 5.31435087e-02]]

  [[-2.97048967e-02]]

  [[ 5.82968863e-03]]

  [[ 2.03711182e-01]]

  [[ 8.52161199e-02]]

  [[ 5.99630401e-02]]

  [[ 2.15582084e-02]]

  [[-9.89810377e-02]]

  [[-7.37291455e-01]]

  [[-4.02004421e-02]]

  [[ 2.34744642e-02]]]


 [[[ 2.80712754e-01]]

  [[ 8.54255110e-02]]

  [[-1.47143707e-01]]

  [[ 4.55871969e-03]]

  [[ 5.10588586e-01]]

  [[ 1.10108424e-02]]

  [[-2.51142502e-01]]

  [[-2.80296564e-01]]

  [[-1.06720086e-02]]

  [[ 9.29114781e-03]]

  [[ 9.22429040e-02]]

  [[ 1.78972259e-03]]

  [[-8.27803984e-02]]

  [[-3.72442789e-02]]

  [[-3.86172608e-02]]

  [[-1.21425772e-02]]]


 [[[ 6.16135076e-03]]

  [[ 2.28074089e-01]]

  [[-2.27819365e-02]]

  [[ 2.70482600e-02]]

  [[ 3.73656116e-02]]

  [[-8.13057423e-02]]

  [[-1.90014089e-03]]

  [[ 1.12416446e-02]]

  [[ 4.88286912e-02]]

  [[ 1.01961911e-01]]

  [[ 9.31770727e-03]]

  [[-1.77748471e-01]]

  [[ 5.06177917e-02]]

  [[ 1.71486847e-02]]

  [[ 1.33013381e-02]]

  [[ 1.42237306e+00]]]


 [[[ 4.33320224e-01]]

  [[ 1.61881128e-03]]

  [[ 7.80642033e-02]]

  [[-2.06599817e-01]]

  [[ 4.15099651e-01]]

  [[-7.89443089e-04]]

  [[-1.35698736e-01]]

  [[ 6.76330090e-01]]

  [[ 1.39493287e-01]]

  [[ 2.27243863e-02]]

  [[ 5.98770054e-03]]

  [[ 2.19698343e-02]]

  [[ 4.15020660e-02]]

  [[ 1.32818138e-02]]

  [[-4.91875380e-01]]

  [[ 5.99362925e-02]]]


 [[[-3.72424647e-02]]

  [[ 7.13374391e-02]]

  [[-5.11260144e-02]]

  [[-1.24632287e+00]]

  [[ 2.54951529e-02]]

  [[ 2.42313102e-01]]

  [[ 4.92073633e-02]]

  [[-4.35193777e-02]]

  [[ 1.43020377e-01]]

  [[-6.20397106e-02]]

  [[ 4.25141037e-01]]

  [[-9.76691842e-02]]

  [[-2.00833734e-02]]

  [[-7.01142028e-02]]

  [[-1.35403395e-01]]

  [[ 1.14398561e-01]]]


 [[[ 4.24227072e-03]]

  [[-1.55916987e-02]]

  [[ 6.74203217e-01]]

  [[-2.44800299e-02]]

  [[ 7.63739720e-02]]

  [[ 9.75199491e-02]]

  [[-3.75349015e-01]]

  [[-1.02584471e-03]]

  [[-7.38566756e-01]]

  [[-4.57693525e-02]]

  [[ 4.06598151e-02]]

  [[ 3.74692902e-02]]

  [[ 1.56034574e-01]]

  [[-2.36377418e-01]]

  [[-8.88164565e-02]]

  [[-5.20969331e-02]]]


 [[[-2.34217588e-02]]

  [[ 4.87689674e-03]]

  [[ 5.34801837e-03]]

  [[ 4.93200608e-02]]

  [[ 3.75834107e-02]]

  [[-6.18595369e-02]]

  [[ 3.72126289e-02]]

  [[ 1.47873294e-02]]

  [[ 1.91079313e-03]]

  [[ 4.46461178e-02]]

  [[ 4.33569700e-02]]

  [[ 1.09322715e+00]]

  [[-3.02371830e-02]]

  [[ 1.31150484e-01]]

  [[-2.09816471e-02]]

  [[ 2.59975076e-01]]]


 [[[-1.45407572e-01]]

  [[-4.12686802e-02]]

  [[ 1.34829402e-01]]

  [[-2.16292776e-03]]

  [[-1.83098271e-01]]

  [[-3.98378111e-02]]

  [[ 2.21620619e-01]]

  [[ 1.36437565e-01]]

  [[ 1.17183916e-01]]

  [[-8.70290473e-02]]

  [[-9.99770034e-03]]

  [[ 6.42988877e-03]]

  [[-2.01150313e-01]]

  [[-5.21628439e-01]]

  [[-1.46935269e-01]]

  [[ 6.80503342e-03]]]


 [[[ 1.50341660e-01]]

  [[ 2.35561170e-02]]

  [[-1.59333125e-01]]

  [[-9.19857919e-02]]

  [[ 3.51265639e-01]]

  [[-1.13225533e-02]]

  [[-3.13422948e-01]]

  [[-1.95667744e-01]]

  [[ 2.28118189e-02]]

  [[-6.52276799e-02]]

  [[ 5.65315820e-02]]

  [[-8.01743492e-02]]

  [[-3.28746378e-01]]

  [[-8.40213299e-01]]

  [[-5.28601855e-02]]

  [[ 4.19076495e-02]]]


 [[[ 4.06566590e-01]]

  [[ 9.93823353e-03]]

  [[-1.51552603e-01]]

  [[-1.22871632e-02]]

  [[ 4.40430582e-01]]

  [[-3.07339653e-02]]

  [[-2.24779814e-01]]

  [[-2.53110230e-01]]

  [[-6.98345825e-02]]

  [[-1.64057314e-02]]

  [[ 9.89321023e-02]]

  [[-2.73556523e-02]]

  [[-1.09637268e-01]]

  [[ 1.53683526e-02]]

  [[-6.99551553e-02]]

  [[ 3.72357704e-02]]]


 [[[ 3.59221637e-01]]

  [[ 2.57985089e-02]]

  [[-2.01437712e-01]]

  [[ 2.98107974e-02]]

  [[ 4.84503597e-01]]

  [[-1.13408240e-02]]

  [[-2.96492100e-01]]

  [[-2.83204049e-01]]

  [[-5.24947466e-03]]

  [[ 1.59212359e-04]]

  [[ 5.23469932e-02]]

  [[ 5.45629747e-02]]

  [[-6.11473527e-03]]

  [[ 4.01831605e-02]]

  [[ 2.93086857e-01]]

  [[-2.26176828e-02]]]


 [[[ 1.33106411e-01]]

  [[-2.51880083e-02]]

  [[-1.80759266e-01]]

  [[-1.06754228e-01]]

  [[-2.66777873e-02]]

  [[ 6.12938441e-02]]

  [[-1.24294003e-02]]

  [[-5.21257460e-01]]

  [[-7.89806396e-02]]

  [[-7.75728524e-02]]

  [[-9.15135667e-02]]

  [[ 2.75871493e-02]]

  [[-2.69446746e-02]]

  [[ 2.01494936e-02]]

  [[-8.43889415e-01]]

  [[-1.43089518e-01]]]


 [[[ 2.08887774e-02]]

  [[-1.01225364e+00]]

  [[ 2.69527268e-02]]

  [[ 1.03822008e-01]]

  [[ 4.23628427e-02]]

  [[ 9.31500614e-01]]

  [[ 5.20224497e-02]]

  [[ 5.65484241e-02]]

  [[ 3.26092914e-02]]

  [[ 1.04631670e-01]]

  [[-3.11207883e-02]]

  [[-2.69630849e-02]]

  [[ 6.28496557e-02]]

  [[ 5.71724288e-02]]

  [[ 6.07554689e-02]]

  [[ 2.70622253e-01]]]


 [[[ 1.96633950e-01]]

  [[ 9.64146852e-03]]

  [[-2.36414656e-01]]

  [[-4.42264676e-02]]

  [[ 2.64731914e-01]]

  [[-8.19067657e-03]]

  [[-2.68962681e-01]]

  [[-1.31193608e-01]]

  [[-2.30058774e-01]]

  [[-4.58411761e-02]]

  [[ 1.28928199e-03]]

  [[-4.03674506e-02]]

  [[-5.11529595e-02]]

  [[ 3.50657403e-01]]

  [[ 5.17763458e-02]]

  [[-2.87904106e-02]]]


 [[[ 5.76654859e-02]]

  [[-4.80674021e-02]]

  [[ 2.79302336e-02]]

  [[-2.27016453e-02]]

  [[-5.95375896e-03]]

  [[-3.98942791e-02]]

  [[-1.35642245e-01]]

  [[ 5.71378227e-03]]

  [[ 2.25905672e-01]]

  [[ 6.90372705e-01]]

  [[ 2.55488288e-02]]

  [[ 2.58862022e-02]]

  [[ 3.37546468e-02]]

  [[-1.48194563e-02]]

  [[ 2.87709944e-02]]

  [[ 2.10933071e-02]]]


 [[[ 4.79885144e-03]]

  [[-1.49214594e-02]]

  [[-3.12538385e-01]]

  [[ 3.08172740e-02]]

  [[ 6.37210131e-01]]

  [[ 4.73182201e-02]]

  [[-3.10469687e-01]]

  [[-1.36345044e-01]]

  [[-1.57748917e-04]]

  [[ 1.51770120e-03]]

  [[ 2.18228735e-02]]

  [[-5.30972295e-02]]

  [[-2.04963796e-02]]

  [[-2.34181713e-02]]

  [[-1.90415196e-02]]

  [[ 1.98313463e-02]]]


 [[[-1.62427813e-01]]

  [[ 3.57985683e-02]]

  [[ 1.57958701e-01]]

  [[ 2.99759638e-02]]

  [[-3.41338933e-01]]

  [[ 2.98351366e-02]]

  [[ 2.07122177e-01]]

  [[ 1.04871221e-01]]

  [[-2.31741462e-02]]

  [[-7.85227399e-03]]

  [[ 1.34157792e-01]]

  [[ 3.01399101e-02]]

  [[-2.11760532e-02]]

  [[-3.35992947e-02]]

  [[-5.92422903e-01]]

  [[-1.89492591e-02]]]


 [[[ 2.43231177e-01]]

  [[-3.20444554e-02]]

  [[-2.03362867e-01]]

  [[-7.09182099e-02]]

  [[ 2.51050442e-01]]

  [[-4.29405756e-02]]

  [[-7.33317733e-02]]

  [[-2.68156320e-01]]

  [[ 1.32056847e-01]]

  [[-9.34700891e-02]]

  [[ 2.78921537e-02]]

  [[ 9.33511462e-03]]

  [[-3.16351391e-02]]

  [[-5.18006921e-01]]

  [[-8.42575636e-03]]

  [[ 4.06905822e-02]]]


 [[[ 1.98439546e-02]]

  [[-3.79622122e-03]]

  [[-5.47341183e-02]]

  [[-6.28294170e-01]]

  [[ 8.27549249e-02]]

  [[-8.15096349e-02]]

  [[ 3.04840580e-02]]

  [[-5.20795174e-02]]

  [[ 3.76417153e-02]]

  [[ 3.22965831e-02]]

  [[ 1.80841312e-01]]

  [[-3.88739072e-02]]

  [[ 3.78853492e-02]]

  [[-8.10980052e-03]]

  [[-7.78471702e-04]]

  [[-3.05226799e-02]]]


 [[[-2.00219043e-02]]

  [[ 2.61135353e-03]]

  [[ 4.54891548e-02]]

  [[-1.44900128e-01]]

  [[-2.54016742e-02]]

  [[-1.90066341e-02]]

  [[-3.09217632e-01]]

  [[-3.22564365e-03]]

  [[ 5.45209348e-01]]

  [[ 1.63715050e-01]]

  [[ 3.31370719e-02]]

  [[ 4.49744472e-03]]

  [[-1.40118390e-01]]

  [[-5.87261319e-02]]

  [[ 1.88785437e-02]]

  [[-2.13495735e-03]]]


 [[[-2.92797238e-01]]

  [[ 7.36239105e-02]]

  [[ 1.45031869e-01]]

  [[ 6.23439513e-02]]

  [[-4.30253327e-01]]

  [[ 2.63947453e-02]]

  [[ 2.43561566e-01]]

  [[ 7.03602955e-02]]

  [[ 1.65730882e-02]]

  [[ 4.94976267e-02]]

  [[ 2.49190107e-02]]

  [[ 8.49715807e-03]]

  [[ 3.02384142e-02]]

  [[ 4.24154149e-03]]

  [[-3.70430022e-01]]

  [[-3.39798182e-02]]]


 [[[ 4.62967753e-01]]

  [[ 1.65227912e-02]]

  [[-4.82194394e-01]]

  [[-1.04287900e-01]]

  [[-1.59602076e-01]]

  [[ 1.93092953e-02]]

  [[ 2.98501435e-03]]

  [[ 2.61965930e-01]]

  [[-6.51811779e-01]]

  [[-2.01495513e-01]]

  [[-2.79081482e-02]]

  [[ 2.53372248e-02]]

  [[-3.43532801e-01]]

  [[ 1.65192574e-01]]

  [[-7.86203668e-02]]

  [[-2.45217700e-02]]]


 [[[-2.07762107e-01]]

  [[ 3.23630087e-02]]

  [[ 2.51480192e-01]]

  [[ 1.31229926e-02]]

  [[-2.14588866e-01]]

  [[ 2.77771726e-02]]

  [[ 3.58550325e-02]]

  [[ 8.47358778e-02]]

  [[-1.71717614e-01]]

  [[-4.73236479e-02]]

  [[-2.63434313e-02]]

  [[-4.17165719e-02]]

  [[ 1.41308814e-01]]

  [[ 3.91773820e-01]]

  [[-2.08914205e-01]]

  [[-1.97572559e-02]]]


 [[[ 7.22655728e-02]]

  [[ 2.95981579e-02]]

  [[-9.81096402e-02]]

  [[ 3.57313007e-02]]

  [[ 1.56867817e-01]]

  [[ 5.56903966e-02]]

  [[-3.02481242e-02]]

  [[-3.07791591e-01]]

  [[-8.60935301e-02]]

  [[-1.16870716e-01]]

  [[ 1.68768801e-02]]

  [[ 7.16589466e-02]]

  [[ 1.06311254e-01]]

  [[ 5.33974349e-01]]

  [[-2.45898023e-01]]

  [[ 1.98365841e-02]]]


 [[[ 8.38544965e-02]]

  [[-7.65884621e-03]]

  [[-1.62450746e-02]]

  [[ 1.25824390e-02]]

  [[ 6.02478944e-02]]

  [[ 1.77695919e-02]]

  [[-7.15401629e-03]]

  [[-5.93587421e-02]]

  [[ 4.26359981e-01]]

  [[-2.41010875e-01]]

  [[ 6.39771447e-02]]

  [[-2.11673416e-02]]

  [[-1.14162885e-01]]

  [[-4.51136321e-01]]

  [[-3.46994586e-02]]

  [[-1.71064436e-02]]]


 [[[-1.48114492e-03]]

  [[-4.68930751e-02]]

  [[ 6.99581280e-02]]

  [[-8.40748996e-02]]

  [[-2.31084302e-01]]

  [[-2.31886972e-02]]

  [[-7.02256739e-01]]

  [[ 1.33687351e-02]]

  [[ 7.56379306e-01]]

  [[-5.76298423e-02]]

  [[-2.83646807e-02]]

  [[-2.59462204e-02]]

  [[-9.88728628e-02]]

  [[-5.42213954e-02]]

  [[-1.88933779e-02]]

  [[-1.57963263e-03]]]


 [[[ 3.03922244e-03]]

  [[-5.51141798e-03]]

  [[-9.36916471e-03]]

  [[ 1.07526273e-01]]

  [[ 6.15693517e-02]]

  [[-5.27423015e-03]]

  [[ 3.41010243e-01]]

  [[-4.62079346e-02]]

  [[-1.87625233e-02]]

  [[-5.27022064e-01]]

  [[ 8.93500894e-02]]

  [[ 4.10253555e-03]]

  [[ 1.96535345e-02]]

  [[-1.07063338e-01]]

  [[ 5.55164218e-02]]

  [[ 3.74271050e-02]]]


 [[[-3.19775641e-01]]

  [[-4.12216932e-02]]

  [[ 2.37073898e-01]]

  [[-5.26368339e-03]]

  [[-2.80334204e-01]]

  [[-1.59634557e-03]]

  [[ 1.56566512e-03]]

  [[ 1.81405947e-01]]

  [[-2.38869846e-01]]

  [[ 6.36427104e-02]]

  [[-4.40640375e-02]]

  [[ 5.60267456e-03]]

  [[ 3.97697724e-02]]

  [[ 2.04796463e-01]]

  [[-1.14245825e-01]]

  [[-4.12023393e-03]]]


 [[[ 3.43233943e-01]]

  [[-5.40267490e-02]]

  [[-4.46372300e-01]]

  [[ 1.34238862e-02]]

  [[-2.79359460e-01]]

  [[-3.46723292e-03]]

  [[ 2.96827763e-01]]

  [[-7.44772017e-01]]

  [[ 3.51028949e-01]]

  [[-5.94827645e-02]]

  [[ 5.90993203e-02]]

  [[-6.26284182e-02]]

  [[-2.03943953e-01]]

  [[-4.04347062e-01]]

  [[ 2.21944824e-02]]

  [[-8.71295575e-03]]]


 [[[-1.26195839e-02]]

  [[-3.66523504e-01]]

  [[ 5.60342558e-02]]

  [[-2.25514695e-01]]

  [[ 4.16291170e-02]]

  [[ 7.03536749e-01]]

  [[ 5.51680923e-02]]

  [[-6.52569681e-02]]

  [[ 1.01296499e-01]]

  [[ 2.80172005e-02]]

  [[ 4.35199380e-01]]

  [[ 1.91623345e-01]]

  [[ 4.92042787e-02]]

  [[ 1.03319203e-02]]

  [[ 2.16072146e-03]]

  [[-2.66010284e-01]]]


 [[[ 1.39102757e-01]]

  [[-1.54999569e-02]]

  [[-2.24191964e-01]]

  [[ 4.91633490e-02]]

  [[ 8.56156722e-02]]

  [[-3.58809046e-02]]

  [[-5.13659492e-02]]

  [[-3.24417919e-01]]

  [[ 1.87920243e-01]]

  [[ 1.00522698e-03]]

  [[ 1.08226262e-01]]

  [[-3.08437664e-02]]

  [[-1.34532958e-01]]

  [[-3.89730632e-01]]

  [[ 1.06675841e-01]]

  [[ 2.48318538e-02]]]


 [[[ 4.88401890e-01]]

  [[-1.72807723e-02]]

  [[ 3.27781230e-01]]

  [[ 1.01357559e-02]]

  [[-4.15710032e-01]]

  [[-1.72684211e-02]]

  [[ 8.88524726e-02]]

  [[ 5.36626689e-02]]

  [[ 7.65455700e-03]]

  [[ 9.99878570e-02]]

  [[-1.13045596e-01]]

  [[-6.29459620e-02]]

  [[-4.89084572e-02]]

  [[-3.72394882e-02]]

  [[-5.34699224e-02]]

  [[ 3.63531411e-02]]]


 [[[-1.30341724e-02]]

  [[-3.09952553e-02]]

  [[ 2.13499293e-01]]

  [[-5.92049658e-02]]

  [[-2.72213984e-02]]

  [[-2.67633591e-02]]

  [[ 6.86848611e-02]]

  [[ 1.55574484e-02]]

  [[ 2.58587658e-01]]

  [[ 4.62011248e-02]]

  [[ 8.81645530e-02]]

  [[ 5.09824604e-02]]

  [[-1.94241703e-02]]

  [[-5.94604194e-01]]

  [[ 1.34184177e-03]]

  [[ 1.46477222e-02]]]


 [[[-2.02688023e-01]]

  [[-7.01012015e-02]]

  [[ 2.55311728e-01]]

  [[-9.66048613e-03]]

  [[-2.11186916e-01]]

  [[-8.27247556e-03]]

  [[ 1.96363807e-01]]

  [[ 1.34628996e-01]]

  [[ 1.90328047e-01]]

  [[ 7.96464607e-02]]

  [[ 9.67325550e-03]]

  [[-4.93811257e-02]]

  [[-2.85465736e-02]]

  [[-3.33480924e-01]]

  [[-5.77082951e-03]]

  [[ 4.11939956e-02]]]


 [[[ 2.48723537e-01]]

  [[-3.18874121e-02]]

  [[-2.27322623e-01]]

  [[-5.53356782e-02]]

  [[ 3.98190647e-01]]

  [[-3.96932922e-02]]

  [[-2.56882757e-01]]

  [[-3.30178499e-01]]

  [[-1.44280838e-02]]

  [[-6.43173978e-03]]

  [[ 1.27979983e-02]]

  [[-2.83243624e-03]]

  [[-1.40961409e-02]]

  [[ 1.06925173e-02]]

  [[-4.78920825e-02]]

  [[ 4.39689308e-02]]]


 [[[ 8.43779743e-02]]

  [[ 7.71625340e-02]]

  [[-7.81167205e-03]]

  [[ 9.17575955e-01]]

  [[ 1.08492360e-01]]

  [[ 8.37348476e-02]]

  [[-4.05275784e-02]]

  [[ 4.25205417e-02]]

  [[ 5.29093742e-02]]

  [[ 7.54752336e-03]]

  [[ 3.69572103e-01]]

  [[ 1.98487014e-01]]

  [[-3.74207646e-02]]

  [[ 7.57952258e-02]]

  [[-4.86055277e-02]]

  [[-2.96450496e-01]]]


 [[[-1.29470125e-01]]

  [[-8.00393522e-03]]

  [[ 1.24330364e-01]]

  [[ 4.08554375e-02]]

  [[ 2.08469201e-02]]

  [[ 2.51211766e-02]]

  [[ 2.08414085e-02]]

  [[ 3.32427919e-01]]

  [[ 7.52218440e-02]]

  [[ 6.79956451e-02]]

  [[ 3.09367865e-01]]

  [[ 7.31152520e-02]]

  [[ 3.93889137e-02]]

  [[ 4.14465405e-02]]

  [[ 4.91770893e-01]]

  [[ 5.99358305e-02]]]


 [[[-3.07924915e-02]]

  [[ 2.50563379e-02]]

  [[-3.66104320e-02]]

  [[-6.99514821e-02]]

  [[-5.78369200e-02]]

  [[-3.35711204e-02]]

  [[-4.37500328e-02]]

  [[ 7.77804200e-03]]

  [[-4.80121672e-01]]

  [[ 4.71511781e-01]]

  [[ 2.86284573e-02]]

  [[ 2.11378541e-02]]

  [[ 1.75778151e-01]]

  [[ 6.71320111e-02]]

  [[-3.86377163e-02]]

  [[-6.95577124e-03]]]


 [[[ 2.71313079e-03]]

  [[ 2.17862613e-02]]

  [[ 6.30135089e-02]]

  [[-9.83659457e-03]]

  [[ 6.91208756e-04]]

  [[ 6.81880787e-02]]

  [[-8.21529999e-02]]

  [[-1.58502068e-02]]

  [[-1.01168104e-01]]

  [[ 3.77250701e-01]]

  [[-2.01422777e-02]]

  [[ 4.42884676e-02]]

  [[ 1.70064554e-01]]

  [[ 5.97905219e-01]]

  [[ 4.13251445e-02]]

  [[ 3.81015576e-02]]]


 [[[ 3.28880191e-01]]

  [[-1.26590813e-02]]

  [[-1.55011505e-01]]

  [[-6.38619736e-02]]

  [[ 3.65113735e-01]]

  [[ 4.48194519e-02]]

  [[-2.31509015e-01]]

  [[-4.17808667e-02]]

  [[ 1.41948070e-02]]

  [[ 8.85871574e-02]]

  [[ 1.23580650e-03]]

  [[-8.45176633e-03]]

  [[ 6.79740310e-03]]

  [[-4.30559702e-02]]

  [[-2.15638801e-01]]

  [[ 2.01825593e-02]]]]