Subnet: [6, 6, 6, 6, 6, 6, 6, 6, 6, 6, 6, 6, 6, 6, 6, 6, 4, 4, 4, 4], [4, 4, 4, 4, 3]
Weight Matrix shape: (448,)
[ 1.5548204   1.9107306   2.9888597   1.3013089   1.1438891   1.3618705
  1.0991352   1.1080664   1.270198    1.0626267   1.2710202   1.2485219
  1.4021503   0.59111583  0.83172     1.1452781   0.9558985   1.2222335
  1.1705331   1.1703613   1.5281562   1.4187642   1.1156188   0.0647897
  1.1761217   1.361285    1.2897769   1.3205475   1.1713628   2.46899
  1.410057    1.6071843   0.08229908  1.0470397   1.2843401   1.3599755
  1.7239017   1.323054    1.2274957   1.2241752   1.1919347   1.6589934
  1.342884    1.0473226   1.8328695   1.3936377   1.079191    1.2448169
  1.4015284   1.1007465   1.1657047   1.2464858   1.0374647   0.9143494
  1.2392757   1.1913642   0.8684617   0.99897397  1.0826267   1.3046831
  1.1405097   1.2785931   1.1766376   1.2239645   1.2551379   0.99809444
  1.196641    1.379816    1.2468586   0.9583228   1.2078645   1.0692445
  1.2135241   1.2222154   1.7317417   1.1930984   1.453105    1.3250234
  1.0865848   1.1768439   1.5635815   1.0437913   1.0491407   2.2520828
  1.0850357   1.4464604   1.1422443   1.4384962   1.4505665   1.1360545
  1.1605744   0.96563315  1.2349246   1.2749087   1.1290408   0.9978556
  1.2338957   1.540896    1.1660787   1.3306597   1.3623449   1.3516684
  1.3037232   1.2134204   0.39751512  1.3145138   1.2674901   1.3734095
  1.2471001  -1.0502065   1.3150576   1.205233    1.1464589   2.263447
  1.1820455   1.1340963   1.28931     0.99347436  1.2417946   1.2745416
  1.1289805   1.2773933   0.08016776  1.364594    1.2218148   1.077024
  1.1998488   1.0753405   1.1981238   0.84490544  1.4652833   1.32931
  1.453552    1.1173759   1.3938609   1.0860245   1.301717    1.3794832
  1.2671382   1.3678069   1.2023225   1.3987672   1.1356459   1.441454
  0.77705854  1.3306954   1.2538623   1.0874712   1.2009313   1.3522654
  2.404828    1.0870963   1.2215168   0.98069394  1.1406255   1.2011706
  1.8565856   1.3146745   1.2695822   0.91742724  1.1161361   1.0880394
  1.0857222   1.1281612   1.0834388   1.2250189   1.4147265   1.3276747
  1.0425284   1.1739177   1.1490065   1.1369797   0.06908891  1.4316572
  1.0745051   1.4069365   3.0310678  -0.94242877  0.11128306  1.214013
  1.0621431   1.3025578   1.5872508   1.3973414   1.2501764   1.0585392
  1.2202252   0.95951134  1.3150362   3.2130113   1.0389096   1.0550966
  1.3842267   1.1362231   1.2123122   1.0062573   1.207322    0.08450392
  1.2884375   1.2492491   1.1364758   1.0007371   1.1100758   1.2295555
  0.10050059  1.2860148   1.0263671   1.0827339   1.2788105   0.06283738
  0.0626937   1.0863856   1.0997105   1.0826815   1.1356788   1.1215733
  1.2837386   1.2318484   1.3876402   1.2628993   1.3119346   1.5070491
  1.4961691   1.0539557   1.0405072   1.2568455   2.7220435   1.136845
  1.0962112   1.1445448   1.3527946   1.2362407   1.3548539   1.245593
  1.2587463   1.2049364   1.1397231   1.3351098   1.2090151   1.2337962
  3.3598857   0.93654525  1.2120334   1.3050494   1.1216915   1.3861763
  1.2418786   1.283443    0.8777637   1.1603489   1.5044382   1.563387
  1.1450508   1.2788004   1.1930983   1.395184    1.193269    0.06204625
  1.8355      1.2163087   1.3178402   1.0494825   1.2599678   0.97613233
  1.9830605   1.1806096   1.2648808   1.2769579   1.2879701   1.1894956
  1.255831    1.1573753   1.454113    1.3969582   1.4380473   1.40743
  1.1596799   1.4016323   1.8776034   1.1813828   1.1690378   1.321758
  1.1168829   1.6254587   1.1961627   0.06017509  1.2878754   1.290879
  1.3720342   2.1784444   1.1477568   1.3300455   1.3919058   1.8013701
  1.3286196   1.5007805   1.138108    1.2175262   1.3155438   1.0953608
  1.7419672   1.4092213   1.2638593   1.7725774   1.6734678   1.3176515
  0.943246    1.2740054   1.1646391   1.2779093   1.0829971   1.1427757
  0.921802    1.1476804   1.364306    0.995454    1.2132276   1.201944
  1.087864    1.0883696   1.6076845   1.4165356   1.0941916   1.0868889
  1.1975569   1.1782553   1.3214377   1.3138133   1.7293946   1.2150266
  1.2913165   1.1257482   1.3318968   1.6654383   1.513476    1.2856429
  1.1055123   1.3554686   1.0982676   1.1927632   1.3746456   1.4973804
  1.1196315   1.3583585   1.5419183   1.2010589   0.9586604   1.0567358
  1.2236291   1.1775715   1.0510503   1.0328355   1.2561913   0.05603483
  1.576772    1.1752522   1.3703941   1.2509598   1.2120222   0.07746433
  1.356502    1.2072406   1.4545621   1.1838733   1.0689175   1.6249838
  1.2121085   0.1391838   1.0725387   0.0569308   1.3079151   1.7908291
  1.3517346   1.1708124   1.4032309   1.2899835   1.2853298   1.2872128
  1.0731764   1.1729035   1.1809493   0.05402467  1.3030047   1.1574969
  1.3438722   1.081049    1.5011004   1.3621652   1.2092409   1.3560015
  1.3041404   1.2176528   1.4507734   1.2401166   1.5633532   1.3264401
  1.3225422   1.1076589   1.1295576   1.138008    0.10735296  1.2044622
  1.2762566   1.1959183   1.1789466   1.1944199   1.5478499   1.3812386
  1.2668576   1.2577695   1.3808078   1.1739037   1.3240881   0.9069655
  1.4876657   1.2084798   0.13433261  1.2315781   0.13695261  1.4675363
  1.3462143   1.2961183   0.8817698   1.3498867   1.0251477   1.3500949
  1.095805    1.3143599   1.2932514   0.98431563  0.06732593  1.3494902
  1.1702572   1.3368068   1.4270116   1.1942539   1.4009776   1.2973756
  1.0756274  -1.4952255   1.2931654   1.3472687   1.2446762   0.1561936
  0.0721003   1.2592374   1.3214601   1.5001867 ]