[[[[ 3.75090241e-02]]

  [[ 1.11914486e-01]]

  [[-1.48042869e-02]]

  [[-2.15179935e-01]]

  [[ 2.00672910e-01]]

  [[ 1.26829505e-01]]

  [[ 2.15292960e-01]]

  [[ 1.85229495e-01]]

  [[-5.66517785e-02]]

  [[ 2.19334275e-01]]

  [[ 1.11403227e-01]]

  [[ 1.12105824e-01]]

  [[ 1.47341654e-01]]

  [[-7.54821226e-02]]

  [[ 4.32656072e-02]]

  [[-1.64378718e-01]]]


 [[[ 1.39052972e-01]]

  [[ 2.19958678e-01]]

  [[ 1.63301051e-01]]

  [[-7.26297274e-02]]

  [[ 1.17690638e-01]]

  [[ 1.41202405e-01]]

  [[-1.29498094e-01]]

  [[-1.79584309e-01]]

  [[ 8.23596790e-02]]

  [[ 7.73968101e-02]]

  [[-1.18297845e-01]]

  [[ 1.66220069e-01]]

  [[ 2.11065456e-01]]

  [[ 2.63936608e-03]]

  [[ 2.08244801e-01]]

  [[ 3.05692963e-02]]]


 [[[-6.10557683e-02]]

  [[ 1.16893515e-01]]

  [[-2.14291677e-01]]

  [[-1.99758425e-01]]

  [[ 2.42611945e-01]]

  [[-1.15892544e-01]]

  [[-2.25045532e-01]]

  [[-2.41789296e-01]]

  [[ 1.83617622e-01]]

  [[ 7.48312622e-02]]

  [[-1.35699004e-01]]

  [[ 1.40353069e-01]]

  [[-1.64605409e-01]]

  [[-6.64843768e-02]]

  [[ 1.42380446e-01]]

  [[-7.53690898e-02]]]


 [[[ 1.93915322e-01]]

  [[ 1.11178733e-01]]

  [[ 1.57988414e-01]]

  [[-3.38458940e-02]]

  [[-7.27167949e-02]]

  [[-2.37267628e-01]]

  [[ 4.15359624e-02]]

  [[ 4.43579890e-02]]

  [[ 9.71768349e-02]]

  [[ 8.52509737e-02]]

  [[-6.49776980e-02]]

  [[-2.40756616e-01]]

  [[-9.57579464e-02]]

  [[ 1.62291929e-01]]

  [[ 7.43717179e-02]]

  [[-6.00311905e-02]]]


 [[[-1.13285042e-01]]

  [[ 1.26317009e-01]]

  [[ 1.91400617e-01]]

  [[-2.18805626e-01]]

  [[-7.85190240e-02]]

  [[-7.46190846e-02]]

  [[-1.17066994e-01]]

  [[-1.22187376e-01]]

  [[-1.31579012e-01]]

  [[ 1.38684288e-01]]

  [[-1.71888366e-01]]

  [[-2.94812359e-02]]

  [[ 3.43103856e-02]]

  [[ 1.71409905e-01]]

  [[ 2.82023311e-01]]

  [[-1.17386237e-01]]]


 [[[ 5.77787608e-02]]

  [[ 1.67434961e-01]]

  [[ 2.21342653e-01]]

  [[ 7.95918405e-02]]

  [[-3.05233467e-02]]

  [[-1.17317103e-01]]

  [[ 1.96447801e-02]]

  [[-1.75930381e-01]]

  [[ 8.05086270e-02]]

  [[ 1.14873119e-01]]

  [[-1.87005594e-01]]

  [[ 2.01604992e-01]]

  [[-3.42139415e-02]]

  [[ 8.15628096e-02]]

  [[-1.11061513e-01]]

  [[-7.70264938e-02]]]


 [[[ 1.93332434e-01]]

  [[-2.04864606e-01]]

  [[-1.93735018e-01]]

  [[-1.34681561e-03]]

  [[ 7.10099190e-02]]

  [[-1.87128678e-01]]

  [[-1.94501311e-01]]

  [[-1.01179548e-01]]

  [[-1.59278378e-01]]

  [[-1.12400040e-01]]

  [[ 1.97999641e-01]]

  [[-9.11269709e-02]]

  [[ 2.22727686e-01]]

  [[-1.11959949e-01]]

  [[ 2.36091211e-01]]

  [[-1.39029324e-01]]]


 [[[ 1.39913782e-01]]

  [[ 4.49975487e-03]]

  [[ 1.16685338e-01]]

  [[-1.41652912e-01]]

  [[-2.17500001e-01]]

  [[ 3.67294289e-02]]

  [[ 2.26111129e-01]]

  [[ 2.16540858e-01]]

  [[ 5.31188771e-02]]

  [[-1.76123589e-01]]

  [[ 1.25817716e-01]]

  [[-2.16404334e-01]]

  [[ 5.56667149e-03]]

  [[ 2.34555244e-01]]

  [[-2.28758320e-01]]

  [[ 1.36935771e-01]]]


 [[[-1.98471084e-01]]

  [[-1.24709263e-01]]

  [[ 7.81264454e-02]]

  [[-1.23485893e-01]]

  [[-1.72461882e-01]]

  [[-5.57015873e-02]]

  [[-7.87858441e-02]]

  [[ 1.03258163e-01]]

  [[ 1.74743533e-01]]

  [[ 2.28250725e-03]]

  [[ 1.53249577e-01]]

  [[-2.45882168e-01]]

  [[-1.66392475e-01]]

  [[-2.22771004e-01]]

  [[ 2.83194900e-01]]

  [[ 1.38049084e-03]]]


 [[[ 2.00870216e-01]]

  [[-2.39395112e-01]]

  [[-5.17528579e-02]]

  [[ 2.19675690e-01]]

  [[ 9.81993973e-02]]

  [[-1.80440560e-01]]

  [[ 1.41351506e-01]]

  [[ 6.52239770e-02]]

  [[ 8.01601857e-02]]

  [[ 4.68312576e-02]]

  [[ 4.64200899e-02]]

  [[-4.91083658e-04]]

  [[-1.63705707e-01]]

  [[-2.69137919e-01]]

  [[ 5.61021790e-02]]

  [[-1.17800191e-01]]]


 [[[ 1.72021836e-01]]

  [[-1.33672401e-01]]

  [[ 2.10660204e-01]]

  [[-2.41910785e-01]]

  [[ 1.47482492e-02]]

  [[-1.15396112e-01]]

  [[-1.98957920e-01]]

  [[ 2.08494902e-01]]

  [[ 6.67722076e-02]]

  [[-1.80711940e-01]]

  [[-6.13741539e-02]]

  [[-1.20437354e-01]]

  [[-1.76001102e-01]]

  [[ 1.91925913e-01]]

  [[ 1.65860236e-01]]

  [[-1.73525773e-02]]]


 [[[-1.78668410e-01]]

  [[-1.25815958e-01]]

  [[-1.25976637e-01]]

  [[-7.52221495e-02]]

  [[ 1.41538084e-02]]

  [[-1.49775907e-01]]

  [[ 9.79346484e-02]]

  [[ 1.61541715e-01]]

  [[-1.35649458e-01]]

  [[ 1.29625052e-01]]

  [[-7.50085339e-02]]

  [[-6.37698034e-03]]

  [[-2.36930624e-01]]

  [[-1.46632642e-01]]

  [[ 2.19463572e-01]]

  [[-2.07035333e-01]]]


 [[[ 1.45937711e-01]]

  [[ 6.63702488e-02]]

  [[-1.88425809e-01]]

  [[-2.40002543e-01]]

  [[-2.35439911e-02]]

  [[ 2.05600426e-01]]

  [[ 2.04768285e-01]]

  [[ 1.68042079e-01]]

  [[-1.16673805e-01]]

  [[ 1.25063555e-02]]

  [[ 1.95744038e-01]]

  [[ 2.13036224e-01]]

  [[-1.05475917e-01]]

  [[ 2.85017435e-02]]

  [[-1.09644398e-01]]

  [[-2.03250989e-01]]]


 [[[ 1.96533740e-01]]

  [[ 1.85037673e-01]]

  [[-9.73798111e-02]]

  [[ 5.33992350e-02]]

  [[ 4.75210436e-02]]

  [[ 9.54331085e-02]]

  [[ 1.64038047e-01]]

  [[ 2.07471311e-01]]

  [[-1.77599400e-01]]

  [[-1.13473542e-01]]

  [[ 7.17015862e-02]]

  [[ 2.32038528e-01]]

  [[-3.08304862e-03]]

  [[-9.15899053e-02]]

  [[-1.53253302e-01]]

  [[ 7.00926408e-02]]]


 [[[ 1.35437310e-01]]

  [[ 8.04646406e-03]]

  [[-1.94012225e-02]]

  [[ 4.99165095e-02]]

  [[ 5.43052442e-02]]

  [[ 4.66721840e-02]]

  [[ 4.48591337e-02]]

  [[ 1.88392580e-01]]

  [[ 1.39276803e-01]]

  [[ 8.75537470e-02]]

  [[-1.26693726e-01]]

  [[-1.39879584e-02]]

  [[ 2.42895901e-01]]

  [[-1.27419904e-01]]

  [[-1.69832453e-01]]

  [[-1.32784367e-01]]]


 [[[-7.33879432e-02]]

  [[-2.17629343e-01]]

  [[-1.50085334e-02]]

  [[-3.11821457e-02]]

  [[ 1.87485695e-01]]

  [[ 1.65819570e-01]]

  [[ 1.58344463e-01]]

  [[ 1.81146845e-01]]

  [[-8.64787698e-02]]

  [[ 2.77794488e-02]]

  [[ 2.00326830e-01]]

  [[ 2.20219642e-01]]

  [[ 2.03377232e-01]]

  [[ 1.75365716e-01]]

  [[ 7.36305397e-03]]

  [[-2.12897465e-01]]]


 [[[-1.74982905e-01]]

  [[ 2.10404605e-01]]

  [[ 4.52416651e-02]]

  [[-2.55431473e-01]]

  [[-2.11654119e-02]]

  [[ 5.64699285e-02]]

  [[-4.42402735e-02]]

  [[ 1.87898979e-01]]

  [[-1.92976967e-01]]

  [[ 6.28694370e-02]]

  [[-4.91396710e-02]]

  [[ 2.18305245e-01]]

  [[-1.47599354e-01]]

  [[-1.44275814e-01]]

  [[-5.06180748e-02]]

  [[ 9.19438750e-02]]]


 [[[ 1.50376618e-01]]

  [[ 1.11757837e-01]]

  [[ 1.02071062e-01]]

  [[-1.54867932e-01]]

  [[-1.36459664e-01]]

  [[ 6.54757470e-02]]

  [[-1.85472608e-01]]

  [[ 1.81706920e-02]]

  [[-5.60158491e-02]]

  [[-7.78337196e-02]]

  [[-9.47926939e-02]]

  [[-1.40110463e-01]]

  [[ 3.07747088e-02]]

  [[ 3.91207300e-02]]

  [[ 4.67229672e-02]]

  [[ 2.33362928e-01]]]


 [[[ 1.41472012e-01]]

  [[-2.38857910e-01]]

  [[-1.03894556e-02]]

  [[-1.59996916e-02]]

  [[-2.34509513e-01]]

  [[-2.19101474e-01]]

  [[-2.41155535e-01]]

  [[-1.83948189e-01]]

  [[-6.36593774e-02]]

  [[ 2.13386640e-01]]

  [[-7.17712939e-02]]

  [[ 1.99041381e-01]]

  [[ 9.31937248e-02]]

  [[-2.26710767e-01]]

  [[ 7.54306093e-02]]

  [[ 2.20103174e-01]]]


 [[[-4.41700313e-03]]

  [[-4.74694483e-02]]

  [[ 2.36219600e-01]]

  [[ 2.02269599e-01]]

  [[ 1.86909392e-01]]

  [[ 1.45002961e-01]]

  [[-2.84029514e-01]]

  [[-2.31985211e-01]]

  [[-2.35362232e-01]]

  [[ 1.35014191e-01]]

  [[ 9.33533534e-02]]

  [[ 4.73593958e-02]]

  [[-6.63199499e-02]]

  [[ 1.18270762e-01]]

  [[ 4.77584824e-02]]

  [[-1.22261576e-01]]]


 [[[-1.86585262e-01]]

  [[ 5.10216020e-02]]

  [[ 1.82640657e-01]]

  [[ 1.30246431e-01]]

  [[-2.08223313e-01]]

  [[ 3.89636718e-02]]

  [[-1.28865331e-01]]

  [[-2.52444863e-01]]

  [[-2.24208951e-01]]

  [[ 7.07955435e-02]]

  [[-2.01940790e-01]]

  [[ 5.38129918e-03]]

  [[ 2.39247963e-01]]

  [[-4.59910333e-02]]

  [[ 2.31707484e-01]]

  [[ 2.17345431e-01]]]


 [[[ 5.99316061e-02]]

  [[ 6.72173724e-02]]

  [[ 6.65855855e-02]]

  [[-4.17483151e-02]]

  [[ 1.27494767e-01]]

  [[-1.52817100e-01]]

  [[-5.56452945e-02]]

  [[ 7.43161812e-02]]

  [[ 1.81014642e-01]]

  [[-1.85432985e-01]]

  [[-1.75161570e-01]]

  [[-2.85638589e-03]]

  [[ 5.35184406e-02]]

  [[-1.80969127e-02]]

  [[-2.29090393e-01]]

  [[ 1.42277047e-01]]]


 [[[-1.37837511e-03]]

  [[ 8.62521902e-02]]

  [[-1.74698770e-01]]

  [[ 8.73051360e-02]]

  [[ 2.31615324e-02]]

  [[-5.41337691e-02]]

  [[ 1.23834416e-01]]

  [[ 8.23592097e-02]]

  [[ 1.26632780e-01]]

  [[ 1.39416724e-01]]

  [[ 1.75848842e-01]]

  [[-1.40351325e-01]]

  [[-1.39441982e-01]]

  [[ 1.99596323e-02]]

  [[-2.06134796e-01]]

  [[ 9.49367881e-02]]]


 [[[ 2.16080099e-01]]

  [[ 5.76773984e-03]]

  [[ 1.03609756e-01]]

  [[-2.12194562e-01]]

  [[-1.11852564e-01]]

  [[-3.01942378e-01]]

  [[-8.69354084e-02]]

  [[-1.81409046e-01]]

  [[ 9.52990875e-02]]

  [[ 3.19208577e-02]]

  [[-2.11364347e-02]]

  [[-1.56254247e-01]]

  [[ 3.26446779e-02]]

  [[ 1.63195297e-01]]

  [[ 2.42332518e-01]]

  [[-1.75254092e-01]]]


 [[[-1.76487282e-01]]

  [[-2.08262354e-01]]

  [[ 1.71601534e-01]]

  [[ 1.82488889e-01]]

  [[ 3.26591171e-02]]

  [[-9.42021310e-02]]

  [[ 3.88982263e-03]]

  [[ 1.00941874e-01]]

  [[ 2.76926700e-02]]

  [[-2.25700930e-01]]

  [[-7.31780976e-02]]

  [[ 3.88273709e-02]]

  [[ 3.13131437e-02]]

  [[-1.63792491e-01]]

  [[-1.94920655e-02]]

  [[ 2.52526104e-01]]]


 [[[ 2.34506130e-01]]

  [[-2.40390614e-01]]

  [[-6.76307380e-02]]

  [[-2.08501682e-01]]

  [[ 1.51373632e-03]]

  [[-1.63600624e-01]]

  [[ 9.88135040e-02]]

  [[ 4.72913459e-02]]

  [[ 1.78719074e-01]]

  [[-2.11397558e-01]]

  [[-7.62028471e-02]]

  [[-6.34895191e-02]]

  [[ 9.36069712e-02]]

  [[ 1.36233985e-01]]

  [[-1.57125875e-01]]

  [[-2.58116156e-01]]]


 [[[ 1.11246862e-01]]

  [[ 5.38316965e-02]]

  [[ 6.59588724e-02]]

  [[ 1.36224464e-01]]

  [[ 3.92997675e-02]]

  [[-2.38199770e-01]]

  [[-1.47173613e-01]]

  [[-1.25011608e-01]]

  [[-2.58557852e-02]]

  [[-5.34803718e-02]]

  [[ 1.95178390e-01]]

  [[ 1.96899384e-01]]

  [[-1.85549498e-01]]

  [[ 1.79786757e-02]]

  [[-5.89153841e-02]]

  [[-1.56331867e-01]]]


 [[[-1.79601878e-01]]

  [[ 1.19150534e-01]]

  [[-4.47008833e-02]]

  [[ 4.79670577e-02]]

  [[-2.37046972e-01]]

  [[ 8.19568895e-03]]

  [[-2.22992256e-01]]

  [[-2.24604711e-01]]

  [[-1.61138222e-01]]

  [[-1.19233876e-01]]

  [[ 9.88017395e-03]]

  [[-6.72656745e-02]]

  [[ 9.25160870e-02]]

  [[-1.70212135e-01]]

  [[-2.91432776e-02]]

  [[-1.27483517e-01]]]


 [[[-9.42068025e-02]]

  [[-8.62880051e-02]]

  [[ 2.09464416e-01]]

  [[-1.47861272e-01]]

  [[-4.93973531e-02]]

  [[ 1.01849072e-01]]

  [[-7.40175471e-02]]

  [[ 1.52990818e-01]]

  [[-6.25883862e-02]]

  [[-7.64788091e-02]]

  [[-9.22867432e-02]]

  [[-1.97551340e-01]]

  [[ 9.99643803e-02]]

  [[ 8.37971866e-02]]

  [[-1.87101085e-02]]

  [[ 4.36347499e-02]]]


 [[[ 3.79833230e-03]]

  [[-2.30512783e-01]]

  [[ 7.88184404e-02]]

  [[-1.03981555e-01]]

  [[-1.20534442e-01]]

  [[-1.60854027e-01]]

  [[-1.52444437e-01]]

  [[-1.49099246e-01]]

  [[ 4.63250056e-02]]

  [[ 1.09911658e-01]]

  [[ 1.03384748e-01]]

  [[ 1.21822074e-01]]

  [[-1.96758747e-01]]

  [[ 2.33642131e-01]]

  [[-2.07522567e-02]]

  [[ 1.64565429e-01]]]


 [[[ 1.87579855e-01]]

  [[-4.04564105e-03]]

  [[-7.02070668e-02]]

  [[ 1.19224079e-01]]

  [[ 2.26950254e-02]]

  [[ 1.68306544e-01]]

  [[-2.55017430e-01]]

  [[-1.19432196e-01]]

  [[ 7.33983070e-02]]

  [[-2.53126658e-02]]

  [[ 3.91281024e-02]]

  [[ 2.39091650e-01]]

  [[-1.46455681e-02]]

  [[ 1.32463694e-01]]

  [[ 1.15960181e-01]]

  [[-1.62147209e-01]]]


 [[[ 2.30171263e-01]]

  [[-1.17249683e-01]]

  [[-1.52990341e-01]]

  [[-2.36784771e-01]]

  [[ 1.23707078e-01]]

  [[-2.44985912e-02]]

  [[ 2.40741014e-01]]

  [[ 8.14174861e-02]]

  [[ 1.90225884e-01]]

  [[ 2.12927446e-01]]

  [[-1.12917311e-01]]

  [[-2.05935031e-01]]

  [[ 1.37999147e-01]]

  [[-1.30664483e-01]]

  [[-1.91259578e-01]]

  [[-1.61233395e-01]]]


 [[[-1.19116046e-01]]

  [[ 8.21650550e-02]]

  [[-2.46696975e-02]]

  [[ 3.84321325e-02]]

  [[-9.42529142e-02]]

  [[ 7.97749385e-02]]

  [[ 7.04649463e-02]]

  [[ 7.38044977e-02]]

  [[-2.02337742e-01]]

  [[-5.36113866e-02]]

  [[ 1.03506120e-02]]

  [[ 1.98704049e-01]]

  [[ 9.96307433e-02]]

  [[-1.29022792e-01]]

  [[ 1.92926764e-01]]

  [[-2.49392107e-01]]]


 [[[-5.94426766e-02]]

  [[ 2.04608236e-02]]

  [[ 2.21253291e-01]]

  [[ 9.65610296e-02]]

  [[ 9.45416242e-02]]

  [[-1.39941618e-01]]

  [[ 8.37819800e-02]]

  [[ 8.75520781e-02]]

  [[-2.27102861e-01]]

  [[ 1.52835444e-01]]

  [[ 1.06217735e-01]]

  [[-1.75070280e-04]]

  [[ 2.96157245e-02]]

  [[ 1.33384198e-01]]

  [[-2.44981408e-01]]

  [[ 1.73850462e-01]]]


 [[[ 1.77071199e-01]]

  [[ 2.73575727e-02]]

  [[ 1.18038498e-01]]

  [[-2.03901127e-01]]

  [[ 1.59005970e-01]]

  [[-2.77478658e-02]]

  [[-1.53205484e-01]]

  [[ 2.25601986e-01]]

  [[-1.44919872e-01]]

  [[ 1.29161283e-01]]

  [[ 3.55081726e-03]]

  [[-2.12732956e-01]]

  [[ 2.03471165e-02]]

  [[-6.29164651e-03]]

  [[-1.41979158e-01]]

  [[ 1.86439276e-01]]]


 [[[ 3.88737731e-02]]

  [[ 2.65857223e-02]]

  [[ 2.56359547e-01]]

  [[ 1.72978863e-01]]

  [[ 3.69409434e-02]]

  [[ 2.19381943e-01]]

  [[ 1.96218967e-01]]

  [[-1.88146159e-01]]

  [[ 2.78208434e-04]]

  [[-2.10984826e-01]]

  [[-7.91524202e-02]]

  [[-1.14100903e-01]]

  [[ 7.96514526e-02]]

  [[ 2.66953353e-02]]

  [[ 1.59498468e-01]]

  [[ 1.60628930e-01]]]


 [[[ 7.98648000e-02]]

  [[-1.97440639e-01]]

  [[ 8.91187117e-02]]

  [[-1.40392438e-01]]

  [[-2.12647080e-01]]

  [[-1.01035153e-02]]

  [[-2.46256143e-01]]

  [[-1.59862638e-01]]

  [[ 1.22371413e-01]]

  [[-1.08698852e-01]]

  [[ 1.64062038e-01]]

  [[ 1.04081472e-02]]

  [[-6.61987364e-02]]

  [[-3.28312181e-02]]

  [[-2.92180151e-01]]

  [[ 1.20867513e-01]]]


 [[[ 1.66111201e-01]]

  [[-1.36602938e-01]]

  [[-9.54599530e-02]]

  [[ 1.06503531e-01]]

  [[ 1.08415037e-01]]

  [[ 1.11201592e-01]]

  [[-6.26461208e-02]]

  [[-2.04460323e-01]]

  [[ 1.20569197e-02]]

  [[ 1.25742763e-01]]

  [[-1.72350943e-01]]

  [[ 1.40328884e-01]]

  [[-1.20685421e-01]]

  [[-9.90441367e-02]]

  [[-4.68920432e-02]]

  [[ 8.12433511e-02]]]


 [[[ 1.87924411e-02]]

  [[ 1.67076066e-01]]

  [[-1.41459964e-02]]

  [[-1.97378874e-01]]

  [[ 1.21926785e-01]]

  [[-3.03997755e-01]]

  [[-2.09792346e-01]]

  [[-3.09152901e-01]]

  [[ 1.15709819e-01]]

  [[ 1.62646398e-02]]

  [[-4.02899198e-02]]

  [[-1.94805309e-01]]

  [[ 7.81815648e-02]]

  [[ 1.16412684e-01]]

  [[ 1.38632923e-01]]

  [[-1.82837665e-01]]]


 [[[ 1.53988346e-01]]

  [[ 2.09886231e-03]]

  [[ 1.32711470e-01]]

  [[ 1.21703565e-01]]

  [[-6.19714055e-03]]

  [[-1.03902772e-01]]

  [[-1.13040894e-01]]

  [[-2.31301531e-01]]

  [[-1.28362551e-02]]

  [[-1.36320859e-01]]

  [[-1.56311855e-01]]

  [[-1.83681231e-02]]

  [[-3.91162708e-02]]

  [[ 9.67902690e-02]]

  [[ 1.06536806e-01]]

  [[-1.68387771e-01]]]


 [[[ 6.03729822e-02]]

  [[-4.08980176e-02]]

  [[-1.74243629e-01]]

  [[-2.09262416e-01]]

  [[-2.66972091e-02]]

  [[-1.76828116e-01]]

  [[ 2.30743498e-01]]

  [[ 1.75740346e-01]]

  [[-1.82649955e-01]]

  [[-1.48522928e-02]]

  [[ 1.88245431e-01]]

  [[ 1.11360654e-01]]

  [[ 1.77653447e-01]]

  [[ 1.09417200e-01]]

  [[-6.77492097e-02]]

  [[ 1.41069502e-01]]]


 [[[ 1.66451544e-01]]

  [[-1.68854706e-02]]

  [[ 2.47714937e-01]]

  [[ 6.73356280e-02]]

  [[-1.19099617e-01]]

  [[-3.33757699e-02]]

  [[-5.23870513e-02]]

  [[ 1.85147345e-01]]

  [[ 1.58031136e-01]]

  [[ 2.04982072e-01]]

  [[ 5.00454232e-02]]

  [[ 2.58575946e-01]]

  [[ 7.48630539e-02]]

  [[ 1.13709249e-01]]

  [[-1.19337421e-02]]

  [[-1.34674802e-01]]]


 [[[ 2.31979415e-01]]

  [[ 2.57058680e-01]]

  [[-1.90511048e-01]]

  [[ 1.10801928e-01]]

  [[ 8.26097727e-02]]

  [[-1.63914755e-01]]

  [[-7.90072829e-02]]

  [[ 1.36506841e-01]]

  [[-1.11842602e-01]]

  [[ 1.70497596e-01]]

  [[ 7.10163489e-02]]

  [[-1.37650445e-01]]

  [[ 9.52032954e-02]]

  [[-2.16017857e-01]]

  [[-1.56706214e-01]]

  [[-1.05726875e-01]]]


 [[[-5.85526638e-02]]

  [[ 1.17791772e-01]]

  [[ 1.03217036e-01]]

  [[ 1.52268568e-02]]

  [[ 2.01681450e-01]]

  [[-1.08126685e-01]]

  [[-1.58274040e-01]]

  [[-7.42341876e-02]]

  [[-1.35189340e-01]]

  [[-9.61310267e-02]]

  [[ 1.84563220e-01]]

  [[ 1.56305939e-01]]

  [[-8.77258778e-02]]

  [[-1.77399833e-02]]

  [[-2.47702897e-02]]

  [[-5.43227121e-02]]]


 [[[ 9.51046795e-02]]

  [[ 1.43088266e-01]]

  [[ 2.48619571e-01]]

  [[ 1.88222378e-01]]

  [[ 1.13300502e-01]]

  [[-2.33704790e-01]]

  [[ 1.92560643e-01]]

  [[-1.55050367e-01]]

  [[ 1.85166508e-01]]

  [[-1.07066423e-01]]

  [[ 8.56899396e-02]]

  [[ 1.14271820e-01]]

  [[-1.37287825e-01]]

  [[-1.31038934e-01]]

  [[-1.01058200e-01]]

  [[-1.47470698e-01]]]


 [[[-7.04135150e-02]]

  [[-1.79195583e-01]]

  [[ 2.23279729e-01]]

  [[-5.64983441e-03]]

  [[ 2.38630950e-01]]

  [[ 2.37118751e-01]]

  [[ 1.76389769e-01]]

  [[-1.64197832e-01]]

  [[-1.55062586e-01]]

  [[-1.34748383e-03]]

  [[-1.04271032e-01]]

  [[-7.10123032e-02]]

  [[-1.68064967e-01]]

  [[-1.79927140e-01]]

  [[-1.13470703e-01]]

  [[ 1.86461866e-01]]]


 [[[-6.61250055e-02]]

  [[-4.79282811e-02]]

  [[-3.46866548e-02]]

  [[ 1.14901043e-01]]

  [[ 1.80109907e-02]]

  [[ 1.31581813e-01]]

  [[-1.20139755e-01]]

  [[ 5.06899506e-02]]

  [[-2.20428720e-01]]

  [[ 2.66878195e-02]]

  [[ 2.19084859e-01]]

  [[ 2.59870529e-01]]

  [[ 1.54872417e-01]]

  [[-3.74544375e-02]]

  [[ 1.11409023e-01]]

  [[ 1.55098066e-01]]]


 [[[ 7.65643865e-02]]

  [[-2.70089991e-02]]

  [[-2.36207470e-01]]

  [[ 2.40001544e-01]]

  [[-4.26455997e-02]]

  [[ 2.69148089e-02]]

  [[-2.31638774e-01]]

  [[ 5.30168563e-02]]

  [[-7.46687949e-02]]

  [[ 2.25034375e-02]]

  [[ 1.59590188e-02]]

  [[-6.54157177e-02]]

  [[ 1.06051646e-03]]

  [[ 2.58797016e-02]]

  [[ 2.08251789e-01]]

  [[-7.61113241e-02]]]


 [[[-1.46356300e-01]]

  [[ 9.15683061e-03]]

  [[ 1.49809778e-01]]

  [[-6.55236021e-02]]

  [[-8.25286191e-03]]

  [[-1.13234699e-01]]

  [[-1.58044159e-01]]

  [[-1.49962813e-01]]

  [[-2.17184871e-01]]

  [[ 2.91020218e-02]]

  [[-2.28815168e-01]]

  [[-2.04964340e-01]]

  [[ 1.15951382e-01]]

  [[-2.98986752e-02]]

  [[ 6.90674409e-02]]

  [[-2.07039881e-02]]]


 [[[ 1.35825342e-02]]

  [[-1.12411819e-01]]

  [[-4.44089621e-02]]

  [[-1.44826546e-01]]

  [[ 7.46578053e-02]]

  [[-1.82017058e-01]]

  [[-2.19315350e-01]]

  [[ 2.35980526e-01]]

  [[ 1.24897204e-01]]

  [[ 8.99887010e-02]]

  [[ 1.00787178e-01]]

  [[-1.64464518e-01]]

  [[ 7.27667883e-02]]

  [[-2.22566992e-01]]

  [[ 1.13532580e-01]]

  [[-2.49618605e-01]]]


 [[[-2.00158745e-01]]

  [[ 1.04983352e-01]]

  [[-1.11193128e-01]]

  [[ 1.05749384e-01]]

  [[-1.09594077e-01]]

  [[-1.58528581e-01]]

  [[-1.54042751e-01]]

  [[-4.83224206e-02]]

  [[ 6.40024170e-02]]

  [[-9.40339267e-02]]

  [[-6.77046552e-02]]

  [[-1.30278796e-01]]

  [[-8.23569968e-02]]

  [[ 6.92317486e-02]]

  [[ 2.51766562e-01]]

  [[-1.92724377e-01]]]


 [[[ 4.77395952e-02]]

  [[ 5.88368066e-02]]

  [[-8.56964365e-02]]

  [[-7.22426847e-02]]

  [[ 2.35380128e-01]]

  [[-5.19833714e-02]]

  [[-1.84427351e-02]]

  [[-2.08249018e-02]]

  [[ 5.73464110e-02]]

  [[ 2.48343036e-01]]

  [[ 4.18892391e-02]]

  [[ 2.03242689e-01]]

  [[-2.52394110e-01]]

  [[-2.17068970e-01]]

  [[ 1.57970846e-01]]

  [[-3.17792408e-02]]]


 [[[ 1.69000015e-01]]

  [[ 6.15700148e-03]]

  [[-2.17617340e-02]]

  [[ 1.29330471e-01]]

  [[ 1.37422815e-01]]

  [[-2.37097591e-01]]

  [[ 1.09239981e-01]]

  [[ 5.96380308e-02]]

  [[-1.51686534e-01]]

  [[ 1.28831357e-01]]

  [[ 1.45221949e-01]]

  [[-7.77339265e-02]]

  [[ 8.36222172e-02]]

  [[ 1.24854967e-01]]

  [[-1.41157597e-01]]

  [[-2.46114880e-01]]]


 [[[ 1.62714973e-01]]

  [[ 1.13836460e-01]]

  [[-2.00875521e-01]]

  [[ 1.13260582e-01]]

  [[ 2.45904580e-01]]

  [[-1.73963085e-01]]

  [[-1.69738710e-01]]

  [[-3.73889878e-02]]

  [[ 4.46993634e-02]]

  [[ 1.98885053e-01]]

  [[-7.27570131e-02]]

  [[-1.89595088e-01]]

  [[ 1.08218275e-01]]

  [[ 2.34232947e-01]]

  [[-5.38335666e-02]]

  [[-1.56917766e-01]]]


 [[[ 1.60550907e-01]]

  [[-6.51159510e-02]]

  [[-1.87139839e-01]]

  [[-4.94429544e-02]]

  [[-2.03129768e-01]]

  [[-9.01877433e-02]]

  [[-2.65439302e-01]]

  [[ 2.19014362e-01]]

  [[ 9.80522111e-02]]

  [[-1.31622061e-01]]

  [[-9.71060097e-02]]

  [[ 1.88866332e-02]]

  [[ 2.33676746e-01]]

  [[ 2.32852668e-01]]

  [[ 1.06808409e-01]]

  [[-1.74667642e-01]]]


 [[[ 1.90259501e-01]]

  [[-2.11066112e-01]]

  [[-2.12441936e-01]]

  [[ 6.28085285e-02]]

  [[-4.67260666e-02]]

  [[-1.21751092e-02]]

  [[ 2.54526794e-01]]

  [[-1.96486205e-01]]

  [[ 2.34694034e-01]]

  [[ 2.11818695e-01]]

  [[-8.08118507e-02]]

  [[-3.96798030e-02]]

  [[ 6.36138394e-02]]

  [[ 2.05114424e-01]]

  [[ 1.01055235e-01]]

  [[-3.24716046e-02]]]


 [[[ 9.84223373e-03]]

  [[-1.60169661e-01]]

  [[ 1.18299425e-01]]

  [[-1.97905630e-01]]

  [[ 2.09529907e-01]]

  [[ 8.13148841e-02]]

  [[ 2.21513718e-01]]

  [[ 1.11658528e-01]]

  [[ 2.20999360e-01]]

  [[-1.71989471e-01]]

  [[ 1.23271622e-01]]

  [[ 1.97720811e-01]]

  [[ 6.53854804e-04]]

  [[-7.03902990e-02]]

  [[ 1.57196909e-01]]

  [[ 2.74722110e-02]]]


 [[[ 7.90925995e-02]]

  [[-1.57447681e-01]]

  [[ 1.69502392e-01]]

  [[ 2.97973491e-02]]

  [[ 1.57728299e-01]]

  [[-6.71011433e-02]]

  [[ 1.63514718e-01]]

  [[ 1.95987135e-01]]

  [[-2.11037487e-01]]

  [[-4.70236167e-02]]

  [[-1.08796634e-01]]

  [[ 1.51167825e-01]]

  [[-2.14760378e-01]]

  [[-1.59754783e-01]]

  [[ 2.15065494e-01]]

  [[-1.42410755e-01]]]


 [[[ 1.21125273e-01]]

  [[-2.50778645e-02]]

  [[-1.30062997e-01]]

  [[-2.38868803e-01]]

  [[-2.11611271e-01]]

  [[ 1.11454688e-01]]

  [[-1.48102894e-01]]

  [[ 1.14621654e-01]]

  [[ 9.69313607e-02]]

  [[-6.64469749e-02]]

  [[ 8.87515768e-02]]

  [[-1.73441246e-01]]

  [[ 1.67138562e-01]]

  [[ 2.15519182e-02]]

  [[ 1.59734562e-01]]

  [[ 1.98450580e-01]]]


 [[[ 2.27111682e-01]]

  [[ 1.77102670e-01]]

  [[ 1.17022641e-01]]

  [[ 5.15753627e-02]]

  [[ 1.03373125e-01]]

  [[ 1.76535502e-01]]

  [[-2.24055741e-02]]

  [[-1.90697864e-01]]

  [[ 2.38564402e-01]]

  [[ 8.47721845e-02]]

  [[ 7.10906535e-02]]

  [[-1.32118538e-01]]

  [[ 2.15570197e-01]]

  [[-8.82336050e-02]]

  [[ 6.01497665e-02]]

  [[ 8.77540037e-02]]]


 [[[-2.40008503e-01]]

  [[ 1.48521647e-01]]

  [[ 2.16063812e-01]]

  [[ 1.59824893e-01]]

  [[ 2.55779065e-02]]

  [[ 1.08852699e-01]]

  [[-4.38265763e-02]]

  [[-7.21907765e-02]]

  [[-1.33537874e-01]]

  [[ 7.21958131e-02]]

  [[-4.93888333e-02]]

  [[-9.10726339e-02]]

  [[-1.24965951e-01]]

  [[ 3.88710685e-02]]

  [[-2.35105082e-01]]

  [[-2.48481154e-01]]]


 [[[-4.82044555e-03]]

  [[-7.31863305e-02]]

  [[ 2.29977354e-01]]

  [[-2.41535619e-01]]

  [[-1.81741878e-01]]

  [[-2.54320920e-01]]

  [[ 3.14629450e-02]]

  [[ 2.02516556e-01]]

  [[ 1.74022228e-01]]

  [[-1.96944043e-01]]

  [[-8.68055224e-02]]

  [[-4.68840897e-02]]

  [[ 1.49548277e-02]]

  [[-2.39186719e-01]]

  [[ 1.40447199e-01]]

  [[-1.83598012e-01]]]


 [[[-4.11857963e-02]]

  [[ 6.18903786e-02]]

  [[ 8.28577112e-03]]

  [[-7.01200068e-02]]

  [[-1.12855703e-01]]

  [[-2.05677792e-01]]

  [[ 1.55263200e-01]]

  [[ 1.81165487e-01]]

  [[ 8.66342857e-02]]

  [[ 2.22110346e-01]]

  [[-8.30601007e-02]]

  [[-2.42025375e-01]]

  [[ 2.15295419e-01]]

  [[ 1.42947435e-01]]

  [[ 1.97282970e-01]]

  [[-1.58063412e-01]]]


 [[[-4.98768836e-02]]

  [[ 2.40412384e-01]]

  [[ 4.25233468e-02]]

  [[ 6.05862513e-02]]

  [[ 9.42315161e-02]]

  [[ 2.26570293e-02]]

  [[ 1.83415160e-01]]

  [[-2.01521695e-01]]

  [[ 2.40882412e-01]]

  [[ 1.88051209e-01]]

  [[-1.40073270e-01]]

  [[-2.02007785e-01]]

  [[-8.63717720e-02]]

  [[-2.08523884e-01]]

  [[-2.26143822e-01]]

  [[-1.49686962e-01]]]


 [[[ 7.70911127e-02]]

  [[-2.31734648e-01]]

  [[ 2.20199138e-01]]

  [[ 2.25213528e-01]]

  [[ 7.53670558e-02]]

  [[ 3.09492573e-02]]

  [[-1.12294167e-01]]

  [[ 5.50849549e-02]]

  [[-2.22088903e-01]]

  [[ 4.72328812e-03]]

  [[ 1.06911227e-01]]

  [[ 9.53454748e-02]]

  [[-1.53763533e-01]]

  [[ 5.87052107e-02]]

  [[ 6.27966523e-02]]

  [[-2.38726422e-01]]]


 [[[ 2.34241679e-01]]

  [[ 1.14764586e-01]]

  [[-2.28713974e-01]]

  [[ 1.34059072e-01]]

  [[-2.21978545e-01]]

  [[-8.58288035e-02]]

  [[-3.35679501e-02]]

  [[ 9.75030437e-02]]

  [[-1.48939982e-01]]

  [[-3.15427147e-02]]

  [[-2.38112882e-01]]

  [[-1.03576548e-01]]

  [[-1.25414496e-02]]

  [[-1.45986170e-01]]

  [[-3.86353955e-02]]

  [[ 2.53964309e-02]]]


 [[[ 3.79937179e-02]]

  [[-1.28037930e-01]]

  [[ 2.24963084e-01]]

  [[ 6.10549264e-02]]

  [[ 1.25090271e-01]]

  [[ 2.33654544e-01]]

  [[ 1.17483944e-01]]

  [[-1.87159061e-01]]

  [[ 2.08053309e-02]]

  [[-1.20472245e-01]]

  [[-8.86652097e-02]]

  [[ 1.52262837e-01]]

  [[-1.08105041e-01]]

  [[-1.55044615e-01]]

  [[ 6.50535822e-02]]

  [[-2.07592234e-01]]]


 [[[-2.24706322e-01]]

  [[-5.25528677e-02]]

  [[-6.26956373e-02]]

  [[ 5.43101737e-03]]

  [[-1.13816619e-01]]

  [[ 2.04260394e-01]]

  [[ 2.40667179e-01]]

  [[ 5.70045114e-02]]

  [[ 1.52770594e-01]]

  [[ 1.85349993e-02]]

  [[-9.25785489e-03]]

  [[-1.58203050e-01]]

  [[ 1.94599628e-02]]

  [[ 1.38964638e-01]]

  [[-1.72573984e-01]]

  [[-6.94803670e-02]]]


 [[[-1.11772925e-01]]

  [[-1.98119208e-01]]

  [[-5.35170585e-02]]

  [[ 1.92412600e-01]]

  [[-9.74275693e-02]]

  [[-4.57474627e-02]]

  [[ 5.20587303e-02]]

  [[ 8.78631100e-02]]

  [[-7.34912083e-02]]

  [[ 2.19437644e-01]]

  [[-5.03472425e-02]]

  [[-1.44666031e-01]]

  [[ 1.56171501e-01]]

  [[ 1.18852325e-01]]

  [[ 1.53458074e-01]]

  [[-1.02727085e-01]]]


 [[[-2.12456241e-01]]

  [[-1.96791321e-01]]

  [[ 2.23180577e-01]]

  [[-2.49832988e-01]]

  [[ 9.37747210e-02]]

  [[ 1.90072283e-01]]

  [[ 7.73022026e-02]]

  [[-3.80780473e-02]]

  [[-1.44157723e-01]]

  [[-1.00163696e-02]]

  [[-2.22378582e-01]]

  [[-1.36969462e-01]]

  [[-1.14967287e-01]]

  [[-1.90876022e-01]]

  [[ 7.31386766e-02]]

  [[ 4.67089340e-02]]]


 [[[-1.56913713e-01]]

  [[-4.26300541e-02]]

  [[ 2.06081599e-01]]

  [[ 1.76242232e-01]]

  [[ 6.46804571e-02]]

  [[ 1.86401621e-01]]

  [[ 8.59432966e-02]]

  [[ 5.98511361e-02]]

  [[-2.80730948e-02]]

  [[ 1.55150220e-01]]

  [[ 1.84700310e-01]]

  [[-9.33843013e-03]]

  [[ 2.44248763e-01]]

  [[ 9.08023566e-02]]

  [[-2.39620253e-01]]

  [[ 6.16427399e-02]]]


 [[[-1.03147440e-01]]

  [[-1.51792467e-01]]

  [[-4.56476621e-02]]

  [[ 5.60739413e-02]]

  [[-8.91000181e-02]]

  [[-2.13151909e-02]]

  [[-1.92910165e-01]]

  [[ 1.52150095e-02]]

  [[-1.23457357e-01]]

  [[ 1.60635576e-01]]

  [[ 1.16521992e-01]]

  [[-1.86076209e-01]]

  [[-6.53480664e-02]]

  [[-1.28361449e-01]]

  [[-2.35021353e-01]]

  [[ 4.32919301e-02]]]


 [[[-1.41786247e-01]]

  [[ 1.94493040e-01]]

  [[ 2.28008851e-01]]

  [[ 1.49126381e-01]]

  [[-1.85096264e-01]]

  [[ 1.19901121e-01]]

  [[-8.95468369e-02]]

  [[-1.51745841e-01]]

  [[-2.71732314e-03]]

  [[-2.35227600e-01]]

  [[-6.46893308e-02]]

  [[-2.33451158e-01]]

  [[ 7.22901896e-02]]

  [[ 4.86234482e-03]]

  [[ 1.92054752e-02]]

  [[ 9.62455943e-02]]]


 [[[-5.95260486e-02]]

  [[ 1.42228574e-01]]

  [[-7.86162633e-03]]

  [[ 7.58736394e-03]]

  [[-2.17809513e-01]]

  [[-1.26439527e-01]]

  [[ 5.02548218e-02]]

  [[-1.92146853e-01]]

  [[-5.97794577e-02]]

  [[-1.51571378e-01]]

  [[ 1.11137569e-01]]

  [[-1.25035405e-01]]

  [[ 2.44982973e-01]]

  [[ 1.48670807e-01]]

  [[ 4.04936215e-03]]

  [[ 1.26440197e-01]]]


 [[[-1.08807452e-01]]

  [[ 1.71282828e-01]]

  [[ 1.14675000e-01]]

  [[ 1.50463611e-01]]

  [[ 2.10427761e-01]]

  [[ 2.18007430e-01]]

  [[-1.03794664e-01]]

  [[-9.49543249e-03]]

  [[-2.41276592e-01]]

  [[ 7.91192949e-02]]

  [[ 2.15096578e-01]]

  [[-3.27269472e-02]]

  [[-7.56089389e-02]]

  [[ 2.27944572e-02]]

  [[-4.73949090e-02]]

  [[-1.06023088e-01]]]


 [[[ 1.08682483e-01]]

  [[ 8.14599246e-02]]

  [[ 1.55244723e-01]]

  [[ 4.33351323e-02]]

  [[ 1.42575502e-02]]

  [[-2.05371412e-03]]

  [[ 1.61522150e-01]]

  [[ 2.63923276e-02]]

  [[ 1.30167112e-01]]

  [[ 5.00499904e-02]]

  [[-5.67431673e-02]]

  [[-6.61597103e-02]]

  [[ 1.62744045e-01]]

  [[-1.24016032e-01]]

  [[ 1.44800350e-01]]

  [[ 1.54644400e-01]]]


 [[[ 5.86313894e-03]]

  [[ 2.47914851e-01]]

  [[ 1.72116846e-01]]

  [[ 2.28929780e-02]]

  [[ 1.86687887e-01]]

  [[-1.45238832e-01]]

  [[-5.82059547e-02]]

  [[ 2.10377723e-01]]

  [[-8.89576226e-02]]

  [[ 1.96606025e-01]]

  [[-2.00333208e-01]]

  [[ 9.59119201e-02]]

  [[ 6.84208870e-02]]

  [[-2.22608075e-01]]

  [[-2.38868091e-02]]

  [[ 2.12365523e-01]]]


 [[[-1.64525703e-01]]

  [[ 1.71441630e-01]]

  [[-9.92957577e-02]]

  [[-1.87658608e-01]]

  [[-2.47224033e-01]]

  [[-1.40953302e-01]]

  [[ 9.23271477e-02]]

  [[ 1.74341887e-01]]

  [[ 1.85695231e-01]]

  [[-2.11521864e-01]]

  [[ 2.13195160e-01]]

  [[-2.33216271e-01]]

  [[-1.97647020e-01]]

  [[ 2.02614009e-01]]

  [[ 7.66830659e-03]]

  [[-6.76925555e-02]]]


 [[[-1.96486831e-01]]

  [[ 1.20407818e-02]]

  [[-4.97615300e-02]]

  [[-4.35999855e-02]]

  [[ 2.19184160e-01]]

  [[-1.64125502e-01]]

  [[-1.68762043e-01]]

  [[-2.01851845e-01]]

  [[ 1.48898393e-01]]

  [[ 5.42121194e-02]]

  [[ 1.53352693e-01]]

  [[-3.02942023e-02]]

  [[-9.61992368e-02]]

  [[-1.03458412e-01]]

  [[-2.51233518e-01]]

  [[ 2.81913746e-02]]]


 [[[-2.26367433e-02]]

  [[ 9.20525268e-02]]

  [[-2.03309551e-01]]

  [[-3.19343954e-02]]

  [[-1.23746768e-01]]

  [[-9.44806859e-02]]

  [[-2.29405165e-01]]

  [[-1.18016705e-01]]

  [[ 1.49090022e-01]]

  [[-8.35510194e-02]]

  [[ 2.04299334e-02]]

  [[ 1.76152915e-01]]

  [[ 8.34006220e-02]]

  [[-5.96177345e-03]]

  [[ 2.11418271e-01]]

  [[-1.06947996e-01]]]


 [[[ 5.97238429e-02]]

  [[-1.24714725e-01]]

  [[ 2.32849326e-02]]

  [[ 2.23406225e-01]]

  [[ 1.79335877e-01]]

  [[-1.88663378e-01]]

  [[ 1.05997249e-02]]

  [[ 1.38425022e-01]]

  [[-1.42959997e-01]]

  [[-5.82769960e-02]]

  [[-1.34883985e-01]]

  [[ 2.13712379e-01]]

  [[-2.32066726e-03]]

  [[ 2.05579638e-01]]

  [[ 1.38650715e-01]]

  [[-2.57905841e-01]]]


 [[[ 1.00189842e-01]]

  [[ 2.27062374e-01]]

  [[-2.39884406e-01]]

  [[ 2.31149435e-01]]

  [[ 9.54284593e-02]]

  [[ 1.42157987e-01]]

  [[ 8.31575319e-03]]

  [[ 2.34681383e-01]]

  [[-3.31088677e-02]]

  [[-1.44393101e-01]]

  [[-2.53285110e-01]]

  [[-1.81142583e-01]]

  [[ 4.36066873e-02]]

  [[ 2.36563385e-02]]

  [[ 5.97752519e-02]]

  [[ 8.57145935e-02]]]


 [[[ 2.35618860e-01]]

  [[-1.68377459e-01]]

  [[ 2.46999860e-01]]

  [[ 1.27401903e-01]]

  [[ 1.34952113e-01]]

  [[ 6.10295720e-02]]

  [[ 1.92923665e-01]]

  [[ 1.84657648e-01]]

  [[ 9.59441736e-02]]

  [[ 1.53826669e-01]]

  [[-7.48318061e-02]]

  [[-3.20729613e-03]]

  [[-7.03535452e-02]]

  [[ 2.02257887e-01]]

  [[ 2.20776170e-01]]

  [[ 2.06878692e-01]]]


 [[[ 1.14303082e-01]]

  [[-2.34456316e-01]]

  [[-3.85515690e-02]]

  [[ 1.70741826e-01]]

  [[ 9.86602455e-02]]

  [[-1.77119434e-01]]

  [[-1.27503917e-01]]

  [[ 1.70819964e-02]]

  [[ 1.09472781e-01]]

  [[-3.63545641e-02]]

  [[ 5.21843648e-03]]

  [[-2.65494566e-02]]

  [[-1.53117672e-01]]

  [[ 2.22623304e-01]]

  [[ 3.80705781e-02]]

  [[ 2.08527371e-01]]]


 [[[-2.19780393e-02]]

  [[-1.39401183e-01]]

  [[ 1.28376961e-01]]

  [[ 2.21199498e-01]]

  [[-1.12684198e-01]]

  [[-1.08757280e-01]]

  [[ 4.59258165e-03]]

  [[ 9.08248797e-02]]

  [[ 4.79825363e-02]]

  [[-5.56780817e-03]]

  [[-1.93452537e-01]]

  [[ 8.27353522e-02]]

  [[-4.25249636e-02]]

  [[-6.10826351e-02]]

  [[ 1.06915839e-01]]

  [[ 2.30479181e-01]]]


 [[[ 2.46828139e-01]]

  [[-1.26839308e-02]]

  [[ 1.54355988e-01]]

  [[-6.38059992e-03]]

  [[-1.53783793e-02]]

  [[-1.80604428e-01]]

  [[-1.64994314e-01]]

  [[-6.22151420e-02]]

  [[-3.70527953e-02]]

  [[ 1.35781765e-01]]

  [[ 2.78981309e-02]]

  [[-1.02685012e-01]]

  [[ 1.28996611e-01]]

  [[-1.70270815e-01]]

  [[-1.51286095e-01]]

  [[ 6.54783845e-02]]]


 [[[-8.38199481e-02]]

  [[ 2.29744259e-02]]

  [[-2.61422619e-02]]

  [[ 1.00240642e-02]]

  [[-4.79511172e-02]]

  [[-4.17999215e-02]]

  [[ 9.97055173e-02]]

  [[-1.53093234e-01]]

  [[ 7.64983706e-03]]

  [[-1.77294612e-01]]

  [[-1.45415142e-01]]

  [[ 1.08675711e-01]]

  [[-1.72155350e-01]]

  [[ 1.81838468e-01]]

  [[ 1.54382139e-01]]

  [[-2.35493943e-01]]]


 [[[ 4.33949232e-02]]

  [[-1.30456164e-02]]

  [[-2.20460117e-01]]

  [[-1.12009011e-01]]

  [[ 7.83835948e-02]]

  [[ 2.81415563e-02]]

  [[ 1.65491611e-01]]

  [[ 2.30626717e-01]]

  [[ 2.16728106e-01]]

  [[-1.63642958e-01]]

  [[ 1.69972584e-01]]

  [[-8.24981779e-02]]

  [[-1.12575240e-01]]

  [[-1.04518734e-01]]

  [[ 1.54818028e-01]]

  [[ 1.34040773e-01]]]


 [[[ 1.96196198e-01]]

  [[-6.19638059e-03]]

  [[ 8.27495903e-02]]

  [[-1.86765790e-01]]

  [[ 1.82785749e-01]]

  [[-2.98157334e-03]]

  [[-2.40915671e-01]]

  [[-1.82725653e-01]]

  [[ 2.26748675e-01]]

  [[-1.70478731e-01]]

  [[-7.48989582e-02]]

  [[-2.09226280e-01]]

  [[-1.20241232e-01]]

  [[-1.59805454e-02]]

  [[-7.74302259e-02]]

  [[ 2.39535347e-01]]]


 [[[-2.28596013e-02]]

  [[ 1.36420101e-01]]

  [[-1.62803158e-02]]

  [[-1.36388734e-01]]

  [[-1.81715086e-01]]

  [[-4.91756573e-02]]

  [[-1.51622698e-01]]

  [[-1.06934376e-01]]

  [[ 9.35313031e-02]]

  [[-9.41595212e-02]]

  [[ 1.18535399e-01]]

  [[-2.43346691e-02]]

  [[ 1.45709366e-02]]

  [[-1.77356333e-01]]

  [[ 5.44900894e-02]]

  [[ 8.58384818e-02]]]


 [[[-1.81239501e-01]]

  [[ 6.40827790e-02]]

  [[-1.92349419e-01]]

  [[-2.11834803e-01]]

  [[-1.10863946e-01]]

  [[ 1.32961171e-02]]

  [[ 1.23694889e-01]]

  [[ 3.62267941e-02]]

  [[-7.91593492e-02]]

  [[-1.96962237e-01]]

  [[-2.37597644e-01]]

  [[ 1.56050265e-01]]

  [[-1.71232522e-01]]

  [[ 2.48147584e-02]]

  [[ 2.07279101e-01]]

  [[-1.94332898e-02]]]


 [[[-1.23163149e-01]]

  [[-9.08035636e-02]]

  [[ 3.75034027e-02]]

  [[-1.07883036e-01]]

  [[-1.46370053e-01]]

  [[ 5.30182943e-02]]

  [[ 2.50453681e-01]]

  [[-1.09392852e-01]]

  [[-1.13471575e-01]]

  [[ 1.21068493e-01]]

  [[-3.89446914e-02]]

  [[-3.39760408e-02]]

  [[-1.70564018e-02]]

  [[ 2.05778375e-01]]

  [[ 1.14349052e-01]]

  [[-1.99000746e-01]]]


 [[[ 8.55090320e-02]]

  [[ 9.35326666e-02]]

  [[ 1.54605016e-01]]

  [[-5.10833552e-03]]

  [[-2.30232745e-01]]

  [[ 1.62743762e-01]]

  [[-1.59032866e-01]]

  [[-9.17600542e-02]]

  [[-1.33256376e-01]]

  [[-1.84712708e-01]]

  [[-1.56679854e-01]]

  [[ 9.16873738e-02]]

  [[ 4.46027145e-02]]

  [[ 2.94309687e-02]]

  [[ 9.14309546e-02]]

  [[-3.85669619e-02]]]


 [[[ 2.38762975e-01]]

  [[-2.48017877e-01]]

  [[ 9.03406590e-02]]

  [[-1.99676856e-01]]

  [[ 1.90184638e-01]]

  [[-3.30210403e-02]]

  [[-2.12089196e-01]]

  [[-2.40435719e-01]]

  [[ 5.62095568e-02]]

  [[ 1.08754531e-01]]

  [[-2.40793675e-01]]

  [[ 2.23548606e-01]]

  [[ 1.30816117e-01]]

  [[-1.02045074e-01]]

  [[-8.15874059e-03]]

  [[-4.02150191e-02]]]


 [[[-6.75669685e-02]]

  [[-4.91639152e-02]]

  [[ 5.26238792e-02]]

  [[ 7.69716650e-02]]

  [[ 7.78225213e-02]]

  [[-1.25956118e-01]]

  [[-3.02857556e-03]]

  [[ 2.44343072e-01]]

  [[-2.09074706e-01]]

  [[-2.04613358e-01]]

  [[-7.45365545e-02]]

  [[-1.59461647e-01]]

  [[-1.95447013e-01]]

  [[-2.05877259e-01]]

  [[-1.73603281e-01]]

  [[-2.32744172e-01]]]


 [[[-2.06147894e-01]]

  [[-1.78879172e-01]]

  [[ 6.81891385e-03]]

  [[ 1.14851221e-01]]

  [[-9.53990966e-02]]

  [[-1.69501096e-01]]

  [[-2.35602632e-01]]

  [[-2.39208162e-01]]

  [[-2.45412085e-02]]

  [[ 1.58491850e-01]]

  [[ 1.18276261e-01]]

  [[-2.70283855e-02]]

  [[-2.42939860e-01]]

  [[-4.95124888e-03]]

  [[ 2.16214046e-01]]

  [[ 2.35311091e-01]]]]