Parameter containing:
tensor([[[[-0.0162]],

         [[-0.0116]],

         [[-0.0809]],

         ...,

         [[ 0.0971]],

         [[ 0.0362]],

         [[ 0.0394]]],


        [[[ 0.1892]],

         [[ 0.0016]],

         [[ 0.1167]],

         ...,

         [[-0.0172]],

         [[-0.0439]],

         [[-0.1327]]],


        [[[ 0.1752]],

         [[-0.0645]],

         [[ 0.0577]],

         ...,

         [[-0.1966]],

         [[ 0.0521]],

         [[ 0.0163]]],


        ...,


        [[[ 0.0303]],

         [[-0.0648]],

         [[-0.0400]],

         ...,

         [[ 0.0170]],

         [[-0.0076]],

         [[-0.0605]]],


        [[[-0.1850]],

         [[ 0.0425]],

         [[-0.0634]],

         ...,

         [[-0.0528]],

         [[ 0.0682]],

         [[-0.0158]]],


        [[[-0.0482]],

         [[-0.0725]],

         [[ 0.0689]],

         ...,

         [[ 0.0552]],

         [[-0.0289]],

         [[-0.1046]]]], device='cuda:0', requires_grad=True)