[[[[ 0.1660218  -0.05745283 -0.26089898]
   [ 0.06631365 -0.20714603  0.25040916]
   [-0.31756836 -0.14555669 -0.32668397]]]


 [[[ 0.19530821 -0.2918456   0.01798731]
   [-0.2616578   0.16940744  0.28451806]
   [ 0.3169693   0.18315142  0.08045916]]]


 [[[ 0.32792756  0.00118073 -0.24307069]
   [ 0.2976002   0.23939519 -0.19618152]
   [ 0.10864868 -0.15281755  0.00116573]]]


 [[[ 0.21125351  0.18738054  0.2727924 ]
   [ 0.13495071 -0.15284534 -0.22091097]
   [-0.18739778  0.20312537 -0.1326397 ]]]


 [[[ 0.05667996  0.29980516  0.2237002 ]
   [-0.07520146 -0.1407553  -0.1837215 ]
   [ 0.28853324  0.27401835  0.24688697]]]


 [[[-0.09581392  0.19203137  0.27521124]
   [ 0.29868904 -0.0179146   0.19020848]
   [-0.32470527 -0.18668255 -0.09689002]]]


 [[[ 0.17116246  0.03025026 -0.23180163]
   [ 0.29330492 -0.29955763 -0.06375618]
   [ 0.15124603 -0.00396871 -0.29867443]]]


 [[[ 0.31476277  0.16126435  0.1678728 ]
   [-0.2643451   0.27221495  0.04108117]
   [-0.12636934 -0.34125823 -0.13178553]]]


 [[[ 0.12465174  0.26057473  0.10359631]
   [ 0.13266513  0.02228634 -0.17531197]
   [-0.22517757 -0.31674215  0.31361625]]]


 [[[ 0.29139972  0.09930483 -0.12174524]
   [-0.12059169  0.11216661  0.11558739]
   [ 0.01947903  0.0688567  -0.06841043]]]


 [[[-0.18548764  0.31344974  0.05421191]
   [ 0.11183517  0.19182752 -0.12830961]
   [-0.30583987 -0.02434326 -0.23511268]]]


 [[[-0.02168695  0.04341942  0.32096928]
   [ 0.3755558   0.08478114  0.23478383]
   [-0.19947127 -0.24550456 -0.12081455]]]


 [[[-0.17892799 -0.2508553   0.1620507 ]
   [-0.05172454  0.19663656  0.15688124]
   [ 0.02212242  0.13736385  0.02758469]]]


 [[[-0.23265028 -0.04927902 -0.03231919]
   [-0.11456229  0.01286443  0.32340693]
   [ 0.14516659 -0.2579674  -0.2497308 ]]]


 [[[ 0.02289676 -0.0876485  -0.17926781]
   [-0.2233232  -0.16753758  0.04103169]
   [ 0.22430587 -0.30606937 -0.16180055]]]


 [[[ 0.06725035  0.19971903 -0.3281741 ]
   [-0.3328279  -0.22666219  0.29884177]
   [-0.28361744  0.35154843  0.00782356]]]]