Subnet: [6, 6, 6, 6, 6, 6, 6, 6, 6, 6, 6, 6, 6, 6, 6, 6, 6, 6, 6, 6], [4, 4, 4, 4, 4]
Weight Matrix shape: (160,)
[3.3165069 3.1289272 2.7376597 2.6042964 2.6699286 2.7887425 2.653407
 3.251213  3.639951  3.299689  4.0813155 3.5271833 2.4125295 2.9563115
 3.079755  2.5802145 2.7570937 3.2648485 2.9078588 2.5821438 3.2534554
 3.0420098 3.047557  3.0657978 2.9901278 3.8858662 4.391872  2.773328
 2.5847325 2.9602556 2.545165  2.9509063 2.706883  2.92551   3.084869
 2.8693542 3.1972144 2.9473772 2.8265982 2.9644253 2.2447095 2.497452
 2.671448  2.418375  2.6806085 3.239236  3.4572337 2.9847267 3.404981
 2.6706104 2.9717712 3.4187567 2.9727032 2.9015512 3.1065452 2.9627814
 3.226321  3.3015428 3.0213988 2.0939376 3.5222569 3.1424856 2.976753
 3.7735045 2.3906753 2.910478  3.456151  2.6892433 2.613487  2.8154485
 2.9668636 3.1120775 4.189639  3.1673033 3.2179818 3.1693373 2.269398
 2.468235  2.151494  3.1825974 2.8413408 2.921594  3.3141847 4.087187
 3.4462562 2.828249  2.4863162 2.5471592 3.8732042 4.0086255 3.4452412
 4.064512  2.3643308 3.0678668 2.0165315 3.6233742 2.991556  2.6293883
 4.7648916 4.3325553 3.0300164 3.0540063 2.6875415 2.9025352 3.0950763
 2.4897795 2.6080368 2.0998013 3.2074838 2.9959822 3.209008  2.5742185
 2.2576632 3.1332376 3.2955163 4.4613123 2.7375312 4.0476103 3.095527
 3.3480346 3.1847854 3.0777214 4.0867887 4.5132256 2.4744463 4.771422
 4.173957  3.101587  2.8395083 3.304524  3.3142345 4.7643433 3.8153658
 2.4489646 3.8945882 3.07963   4.147771  4.376856  2.4896717 3.4923692
 4.1352215 2.924783  3.0412343 2.4747102 2.9782844 2.5367324 2.8353302
 3.8243744 3.2203255 3.4667928 3.0640585 2.4770403 2.4058573 3.5651271
 4.040307  2.948174  3.0047605 2.1423147 3.0000944 1.858384 ]